# Angle Log - 2026-05-13 20:32:41
Time,EulerX,EulerY,EulerZ
0.00,0.00,180.00,0.00
0.52,0.00,180.00,0.00
1.01,0.00,180.00,0.00
1.51,357.97,180.21,349.33
2.01,357.71,180.26,348.50
2.51,357.71,180.26,348.50
3.01,358.36,180.13,349.14
3.52,358.97,180.02,349.69
4.00,359.33,179.95,349.88
4.51,359.64,179.90,349.91
5.02,359.80,179.87,349.87
5.50,359.96,179.84,349.86
6.01,0.74,179.70,350.41
6.51,1.48,179.59,352.11
7.01,2.19,179.50,354.39
7.51,3.09,179.44,357.22
8.01,4.08,179.42,0.42
8.50,4.91,179.44,3.66
9.00,5.16,179.46,6.46
9.50,4.33,179.35,8.27
10.00,2.07,179.00,8.89
10.51,358.57,178.48,8.13
11.01,354.70,177.97,6.63
11.52,351.83,177.67,5.46
12.00,351.52,177.64,5.39
12.50,351.64,177.65,6.03
13.01,353.52,177.88,7.47
13.50,356.45,178.30,8.73
14.01,359.81,178.85,10.00
14.50,3.15,179.48,11.32
15.01,6.13,180.11,12.28
15.51,8.34,180.60,12.41
16.00,9.71,180.89,11.27
16.51,10.15,180.98,8.51
17.01,10.10,180.97,4.22
17.51,9.28,180.96,358.76
18.01,6.85,181.15,353.08
18.51,2.87,181.82,348.59
19.01,358.49,182.81,346.15
19.52,354.87,183.73,345.62
20.00,352.96,184.21,346.27
20.53,352.24,184.39,347.24
21.01,352.42,184.35,348.39
21.50,353.69,184.10,348.96
22.00,355.86,183.66,348.42
22.51,358.53,183.09,347.31
23.01,1.59,182.37,346.60
23.51,4.74,181.63,346.95
24.01,7.58,181.00,348.46
24.51,9.70,180.60,350.91
25.00,10.75,180.46,354.01
25.51,11.17,180.42,357.49
26.00,11.86,180.42,1.03
26.51,12.20,180.43,4.23
27.00,11.55,180.36,6.80
27.51,9.64,180.09,8.56
28.00,6.47,179.58,9.54
28.51,2.45,178.88,9.98
29.01,358.41,178.16,10.21
29.51,355.22,177.58,10.46
30.01,353.73,177.30,10.66
30.51,353.49,177.25,10.70
31.01,353.49,177.25,10.70
31.51,354.37,177.42,10.37
32.00,356.00,177.70,9.43
32.50,357.28,177.90,7.58
33.01,357.62,177.94,4.62
33.51,356.59,177.90,0.63
34.02,353.73,178.00,356.08
34.51,350.30,178.35,352.54
35.01,347.61,178.76,350.45
35.50,347.39,178.80,350.33
36.01,347.77,178.74,351.26
36.50,350.20,178.41,353.48
37.01,353.76,178.08,355.88
37.51,357.93,177.86,358.01
38.00,2.22,177.77,359.42
38.51,6.18,177.76,0.21
39.00,9.33,177.79,1.09
39.51,11.29,177.85,2.32
40.01,11.90,177.88,3.23
40.51,11.56,177.85,4.01
41.01,9.43,177.69,3.96
41.51,6.71,177.53,2.69
42.00,4.11,177.45,0.76
42.51,1.25,177.47,358.42
43.01,357.54,177.65,356.08
43.51,354.17,177.93,354.62
44.01,352.85,178.06,354.57
44.51,352.66,178.08,356.11
45.01,354.43,178.00,358.60
45.52,357.40,178.01,1.45
46.01,0.60,178.16,3.83
46.50,3.88,178.44,5.70
47.02,6.71,178.75,6.97
47.51,7.82,178.89,7.45
48.01,7.97,178.91,7.52
48.50,7.44,178.85,6.29
49.00,5.03,178.65,2.98
49.50,2.18,178.61,358.76
50.01,0.36,178.70,355.03
50.50,359.95,178.74,353.05
51.01,359.95,178.74,352.39
51.50,359.94,178.74,352.22
52.01,359.06,178.86,352.20
52.51,357.56,179.06,353.43
53.01,356.56,179.16,355.24
53.51,356.20,179.18,357.43
54.01,356.54,179.18,359.72
54.50,357.49,179.19,1.72
55.01,358.68,179.24,2.82
55.51,0.32,179.33,3.03
56.01,2.09,179.41,1.92
56.52,3.73,179.43,359.88
57.00,5.29,179.40,357.54
57.51,6.49,179.33,355.71
58.01,7.08,179.28,354.77
58.50,7.20,179.27,354.47
59.01,6.81,179.31,354.20
59.51,4.57,179.53,354.50
60.01,1.22,179.83,355.49
60.50,357.30,180.09,356.97
61.01,354.08,180.21,359.11
61.51,352.40,180.20,1.83
62.01,352.33,180.20,4.78
62.52,353.59,180.35,7.54
63.00,355.55,180.64,9.40
63.51,358.01,181.08,10.45
64.01,0.60,181.57,10.86
64.50,3.03,182.04,11.12
65.01,4.99,182.43,11.44
65.50,6.14,182.67,11.51
66.01,6.95,182.83,10.89
66.51,6.71,182.79,8.57
67.00,5.15,182.61,4.67
67.51,2.74,182.53,359.19
68.00,359.03,182.80,353.21
68.51,354.88,183.47,348.70
69.01,352.39,184.01,347.12
69.50,351.52,184.21,348.13
70.01,352.41,184.05,351.12
70.51,354.63,183.78,355.15
71.00,357.63,183.65,359.44
71.51,0.90,183.73,3.27
72.00,3.97,183.98,6.09
72.51,6.41,184.28,7.91
73.00,7.61,184.46,8.92
73.52,7.85,184.50,9.45
74.01,6.94,184.34,10.10
74.51,4.18,183.86,9.44
75.00,0.63,183.33,7.22
75.51,357.62,183.03,3.62
76.01,356.58,182.99,359.22
76.50,356.87,182.97,354.96
77.01,357.87,182.85,351.78
77.51,359.40,182.60,350.26
78.00,1.46,182.25,350.31
78.51,3.66,181.89,351.67
79.01,5.77,181.62,353.83
79.51,7.44,181.47,356.25
80.00,8.32,181.43,358.17
80.51,8.40,181.42,359.32
81.00,7.11,181.43,359.96
81.51,4.34,181.45,358.83
82.02,0.70,181.61,356.08
82.51,357.22,181.95,352.79
83.01,355.43,182.20,351.02
83.50,355.43,182.20,351.02
84.01,356.10,182.11,352.66
84.52,357.42,181.97,355.71
85.01,358.26,181.93,359.35
85.51,358.55,181.93,3.11
86.00,358.30,181.91,6.48
86.51,357.57,181.81,9.02
87.01,356.73,181.66,10.16
87.51,355.49,181.43,10.45
88.00,353.98,181.17,9.18
88.51,353.24,181.06,6.93
89.00,353.36,181.07,4.57
89.51,354.50,181.14,2.76
90.01,356.62,181.22,1.61
90.50,359.44,181.28,0.93
91.01,2.63,181.32,0.59
91.50,5.76,181.35,0.51
92.01,8.34,181.37,0.56
92.50,9.35,181.38,0.59
93.00,10.02,181.39,0.62
93.50,11.30,181.40,0.65
94.01,12.30,181.41,0.68
94.50,12.63,181.42,0.69
95.00,12.63,181.42,0.69
95.50,11.50,181.41,0.66
96.00,8.16,181.37,0.57
96.51,3.37,181.33,0.46
97.00,357.63,181.29,0.33
97.51,352.26,181.26,0.16
98.01,348.49,181.26,359.96
98.51,346.93,181.26,359.84
99.00,346.93,181.26,359.84
99.51,346.93,181.26,359.84
100.01,347.54,181.26,359.96
100.51,348.53,181.26,0.07
101.01,348.78,181.26,0.08
101.53,349.44,181.26,0.06
102.04,350.33,181.26,359.86
102.51,350.94,181.26,359.61
103.02,351.88,181.25,359.27
103.51,353.40,181.23,359.35
104.00,355.43,181.22,0.23
104.51,357.86,181.26,1.66
105.00,0.64,181.38,3.44
105.50,3.46,181.60,5.23
106.00,5.93,181.86,6.89
106.51,7.60,182.08,8.39
107.01,8.12,182.16,9.43
107.51,7.64,182.08,10.39
108.01,5.20,181.62,10.26
108.50,1.76,181.05,8.33
109.00,358.32,180.64,4.90
109.50,356.11,180.53,0.58
110.00,353.53,180.61,356.15
110.51,350.14,180.96,352.61
111.01,348.13,181.25,350.93
111.50,348.07,181.26,350.88
112.01,348.76,181.15,351.31
112.51,351.36,180.78,352.73
113.00,354.59,180.41,354.01
113.50,358.12,180.06,354.74
114.00,1.56,179.75,354.60
114.51,4.65,179.43,353.60
115.00,7.19,179.11,352.07
115.50,9.16,178.81,350.52
116.00,10.04,178.65,349.87
116.50,10.18,178.63,349.79
117.00,10.08,178.65,350.80
117.52,8.61,178.86,352.79
118.03,4.61,179.24,355.47
118.52,354.21,179.81,359.53
119.00,353.17,179.79,4.19
119.50,352.89,179.76,8.29
120.00,352.85,179.75,11.50
120.51,352.99,179.78,13.12
121.01,353.27,179.85,13.78
121.51,353.98,180.03,13.82
122.01,355.60,180.42,12.81
122.51,357.38,180.80,11.70
123.00,359.53,181.23,11.11
123.50,1.91,181.70,11.33
124.01,4.23,182.18,12.30
124.50,6.16,182.63,13.63
