time_sec,world_x,world_y,world_z,rot_x,rot_y,rot_z
0.000,600.0000,4.8678,250.0000,0.0000,180.0000,0.0000
0.000,600.0000,4.8678,250.0000,0.0000,180.0000,0.0000
0.105,600.0000,4.6766,250.0000,0.0000,180.0000,0.0000
0.205,600.0000,4.4113,250.0000,0.0000,180.0000,0.0000
0.307,600.0000,4.0792,250.0000,0.0000,180.0000,0.0000
0.412,600.0000,3.6866,250.0000,0.0000,180.0000,0.0000
0.515,600.0000,3.2393,250.0000,0.0000,180.0000,0.0000
0.616,600.0000,2.7427,250.0000,0.0000,180.0000,0.0000
0.717,600.0000,2.2014,250.0000,0.0000,180.0000,0.0000
0.821,600.0000,1.4989,250.0000,0.0000,180.0000,0.0000
0.924,600.0000,0.8739,250.0000,0.0000,180.0000,0.0000
1.026,600.0000,0.2166,250.0000,0.0000,180.0000,0.0000
1.128,600.0000,-0.4700,250.0000,0.0000,180.0000,0.0000
1.229,600.0000,-1.1711,250.0000,0.0000,180.0000,0.0000
1.331,599.9996,-1.7334,249.9483,358.7522,179.9999,0.0089
1.437,599.9991,-2.0654,249.8816,357.1738,179.9995,0.0216
1.540,599.9987,-2.2092,249.8303,356.0223,179.9989,0.0334
1.641,599.9985,-2.1956,249.8126,355.6969,179.9987,0.0380
1.751,599.9985,-2.1306,249.8080,355.6969,179.9987,0.0379
1.855,599.9985,-2.0626,249.8035,355.6970,179.9987,0.0379
1.957,599.9985,-2.0216,249.7989,355.6969,179.9987,0.0379
2.063,599.9985,-2.0240,249.7933,355.6969,179.9987,0.0379
2.175,599.9985,-2.0667,249.7886,355.6969,179.9987,0.0379
2.279,599.9985,-2.1364,249.7840,355.6969,179.9987,0.0379
2.381,599.9985,-2.2395,249.7785,355.6969,179.9987,0.0379
2.487,599.9985,-2.3303,249.7739,355.6969,179.9988,0.0379
2.590,599.9985,-2.4183,249.7693,355.6969,179.9988,0.0379
2.691,599.9985,-2.5001,249.7648,355.6969,179.9988,0.0379
2.792,599.9985,-2.5749,249.7603,355.6969,179.9988,0.0379
2.894,599.9985,-2.6435,249.7558,355.6969,179.9988,0.0379
2.995,599.9985,-2.7077,249.7514,355.6969,179.9988,0.0379
3.104,599.9985,-2.7811,249.7462,355.6969,179.9988,0.0379
3.205,599.9985,-2.8411,249.7419,355.6969,179.9988,0.0379
3.307,599.9985,-2.9008,249.7377,355.6969,179.9988,0.0379
3.413,599.9985,-2.9606,249.7335,355.6969,179.9988,0.0378
3.513,599.9985,-3.0205,249.7294,355.6969,179.9988,0.0379
3.619,599.9985,-3.0803,249.7253,355.6969,179.9988,0.0378
3.723,599.9985,-3.1513,249.7205,355.6969,179.9988,0.0378
3.824,599.9985,-3.2095,249.7166,355.6969,179.9988,0.0378
3.926,599.9985,-3.2666,249.7128,355.6969,179.9988,0.0378
4.028,599.9985,-3.3225,249.7091,355.6969,179.9988,0.0378
4.135,600.0002,-3.3770,249.7085,355.7727,179.9988,-0.0036
4.236,600.0068,-3.4311,249.7172,356.0725,179.9984,359.8357
4.337,600.0068,-3.4832,249.7140,356.0725,179.9984,359.8357
4.441,600.0132,-3.5446,249.7225,356.3706,179.9971,359.6868
4.546,600.0135,-3.5941,249.7196,356.3706,179.9971,359.6868
4.647,600.0199,-3.6428,249.7294,356.6750,179.9951,359.5383
4.749,600.0217,-3.6901,249.7299,356.7481,179.9944,359.5027
4.851,600.0250,-3.7363,249.7337,356.8975,179.9931,359.4298
4.953,600.0317,-3.7815,249.7441,357.2047,179.9896,359.2787
5.053,600.0323,-3.8253,249.7422,357.2047,179.9896,359.2787
5.157,600.0392,-3.8681,249.7530,357.5117,179.9853,359.1261
5.259,600.0413,-3.9095,249.7543,357.5832,179.9842,359.0904
5.359,600.0482,-3.9497,249.7655,357.8929,179.9789,358.9350
5.463,600.0521,-3.9963,249.7702,358.0451,179.9759,358.8588
5.566,600.0573,-4.0337,249.7783,358.2679,179.9713,358.7475
5.668,600.0594,-4.0697,249.7804,358.3439,179.9696,358.7102
5.769,600.0662,-4.1043,249.7921,358.6491,179.9623,358.5616
5.872,600.0683,-4.1374,249.7945,358.7241,179.9604,358.5263
5.977,600.0748,-4.1689,249.8063,359.0243,179.9523,358.3876
6.083,600.0771,-4.2047,249.8089,359.1012,179.9501,358.3547
6.188,600.0818,-4.2324,249.8182,359.3352,179.9432,358.2568
6.289,600.0849,-4.2583,249.8243,359.4908,179.9384,358.1984
6.389,600.0879,-4.2820,249.8306,359.6480,179.9334,358.1421
6.494,600.0915,-4.3036,249.8406,359.8931,179.9253,358.0699
6.596,600.0938,-4.3227,249.8472,0.0552,179.9197,358.0307
6.701,600.0959,-4.3423,249.8539,0.2140,179.9142,357.9955
6.807,600.0971,-4.3557,249.8610,0.3862,179.9082,357.9747
6.908,600.0984,-4.3659,249.8715,0.6386,179.8992,357.9507
7.014,600.0986,-4.3733,249.8750,0.7219,179.8962,357.9512
7.117,600.0983,-4.3773,249.8854,0.9718,179.8873,357.9601
7.225,600.0975,-4.3777,249.8921,1.1359,179.8815,357.9778
7.329,600.0955,-4.3742,249.9025,1.3894,179.8726,358.0258
7.434,600.0937,-4.3669,249.9090,1.5503,179.8671,358.0614
7.540,600.0899,-4.3533,249.9185,1.7912,179.8591,358.1435
7.644,600.0882,-4.3377,249.9212,1.8682,179.8566,358.1738
7.752,600.0833,-4.3181,249.9301,2.0998,179.8495,358.2777
7.858,600.0777,-4.2945,249.9383,2.3185,179.8431,358.3959
7.967,600.0712,-4.2608,249.9458,2.5349,179.8373,358.5343
8.074,600.0648,-4.2280,249.9526,2.7345,179.8324,358.6743
8.183,600.0617,-4.1836,249.9533,2.7984,179.8310,358.7270
8.287,600.0493,-4.1417,249.9642,3.1148,179.8247,359.0074
8.390,600.0487,-4.0960,249.9620,3.1148,179.8247,359.0074
8.497,600.0375,-4.0460,249.9690,3.3494,179.8211,359.2619
8.600,600.0342,-3.9810,249.9677,3.4045,179.8205,359.3243
8.703,600.0225,-3.9222,249.9728,3.6131,179.8185,359.5952
8.803,600.0195,-3.8599,249.9712,3.6599,179.8182,359.6624
8.914,600.0076,-3.7935,249.9746,3.8436,179.8176,359.9481
9.015,600.0045,-3.7241,249.9721,3.8847,179.8176,0.0222
9.125,599.9925,-3.6356,249.9728,4.0425,179.8180,0.3202
9.227,599.9866,-3.5586,249.9705,4.1084,179.8185,0.4702
9.332,599.9841,-3.4785,249.9665,4.1405,179.8187,0.5458
9.434,599.9753,-3.3953,249.9644,4.2260,179.8197,0.7807
9.541,599.9669,-3.2920,249.9602,4.2963,179.8208,1.0200
9.641,599.9653,-3.2035,249.9550,4.3164,179.8212,1.0963
9.743,599.9603,-3.1125,249.9499,4.3477,179.8219,1.2602
9.844,599.9555,-3.0195,249.9445,4.3736,179.8225,1.4254
9.944,599.9508,-2.9248,249.9384,4.3876,179.8228,1.5938
10.046,599.9465,-2.8286,249.9318,4.3924,179.8230,1.7590
10.147,599.9426,-2.7310,249.9248,4.3887,179.8229,1.9212
10.251,599.9390,-2.6323,249.9172,4.3722,179.8223,2.0843
10.355,599.9391,-2.5329,249.9098,4.3597,179.8218,2.1633
10.455,599.9361,-2.4328,249.9014,4.3247,179.8204,2.3230
10.560,599.9343,-2.3124,249.8911,4.2765,179.8184,2.4771
10.668,599.9383,-2.2120,249.8844,4.2765,179.8184,2.4771
10.771,599.9332,-2.1117,249.8734,4.1747,179.8138,2.7039
10.871,599.9318,-2.0117,249.8634,4.0946,179.8099,2.8433
10.972,599.9363,-1.9125,249.8571,4.0946,179.8099,2.8433
11.074,599.9355,-1.8140,249.8466,3.9961,179.8049,2.9751
11.175,599.9352,-1.7165,249.8358,3.8834,179.7989,3.0972
11.279,599.9375,-1.6201,249.8274,3.8234,179.7956,3.1525
11.380,599.9392,-1.5063,249.8155,3.6992,179.7886,3.2555
11.482,599.9423,-1.4131,249.8074,3.6336,179.7849,3.3014
11.587,599.9438,-1.3215,249.7965,3.4947,179.7767,3.3829
11.693,599.9473,-1.2316,249.7885,3.4206,179.7723,3.4177
11.798,599.9509,-1.1437,249.7807,3.3457,179.7678,3.4505
11.898,599.9534,-1.0575,249.7700,3.1939,179.7586,3.5023
11.998,599.9572,-0.9733,249.7626,3.1159,179.7538,3.5220
12.099,599.9612,-0.8909,249.7552,3.0344,179.7488,3.5358
12.211,599.9662,-0.7947,249.7474,2.9533,179.7437,3.5473
12.316,599.9704,-0.7166,249.7370,2.7877,179.7335,3.5514
12.417,599.9747,-0.6403,249.7337,2.7877,179.7335,3.5514
12.518,599.9789,-0.5657,249.7305,2.7876,179.7335,3.5514
12.623,599.9847,-0.4788,249.7201,2.6239,179.7233,3.5259
12.725,599.9887,-0.4084,249.7172,2.6239,179.7233,3.5259
12.826,599.9958,-0.3407,249.7049,2.3877,179.7089,3.4430
12.927,599.9995,-0.2748,249.7025,2.3877,179.7089,3.4430
13.028,600.0062,-0.2117,249.6942,2.2417,179.7002,3.3591
13.131,600.0134,-0.1511,249.6865,2.1035,179.6922,3.2638
13.241,600.0207,-0.0824,249.6790,1.9724,179.6848,3.1683
13.345,600.0278,-0.0282,249.6725,1.8518,179.6783,3.0572
13.451,600.0349,0.0226,249.6664,1.7369,179.6723,2.9433
13.560,600.0425,0.0790,249.6603,1.6246,179.6666,2.8204
13.667,600.0495,0.1220,249.6548,1.5130,179.6612,2.6934
13.777,600.0595,0.1612,249.6471,1.3468,179.6537,2.4881
13.884,600.0665,0.2031,249.6420,1.2411,179.6492,2.3548
13.992,600.0784,0.2333,249.6334,1.0413,179.6415,2.0899
14.101,600.0878,0.2640,249.6268,0.8910,179.6363,1.8837
14.204,600.0969,0.2847,249.6205,0.7422,179.6316,1.6767
14.313,600.1028,0.3008,249.6164,0.6468,179.6290,1.5435
14.420,600.1144,0.3140,249.6084,0.4528,179.6242,1.2697
14.526,600.1228,0.3196,249.6025,0.3097,179.6213,1.0669
14.637,600.1315,0.3204,249.5965,0.1609,179.6188,0.8560
14.743,600.1400,0.3149,249.5906,0.0165,179.6169,0.6510
14.852,600.1482,0.3047,249.5848,359.8748,179.6155,0.4498
14.960,600.1623,0.2860,249.5749,359.6341,179.6144,0.1079
15.068,600.1679,0.2648,249.5709,359.5391,179.6143,359.9728
15.172,600.1794,0.2389,249.5628,359.3450,179.6149,359.6966
15.275,600.1880,0.2078,249.5565,359.2006,179.6159,359.4904
15.383,600.1968,0.1642,249.5501,359.0594,179.6174,359.2883
15.486,600.2058,0.1227,249.5437,358.9175,179.6194,359.0844
15.595,600.2180,0.0765,249.5351,358.7278,179.6229,358.8097
15.700,600.2216,0.0256,249.5322,358.6822,179.6239,358.7433
15.800,600.2381,-0.0409,249.5207,358.4380,179.6300,358.3845
15.904,600.2425,-0.1014,249.5173,358.3915,179.6313,358.3152
16.014,600.2530,-0.1652,249.5099,358.2513,179.6357,358.1056
16.117,600.2611,-0.2335,249.5041,358.1570,179.6389,357.9617
16.222,600.2699,-0.3197,249.4977,358.0638,179.6424,357.8188
16.326,600.2843,-0.3950,249.4879,357.8831,179.6497,357.5342
16.429,600.2874,-0.4739,249.4854,357.8831,179.6497,357.5342
16.529,600.2968,-0.5555,249.4789,357.7919,179.6538,357.3836
16.631,600.3064,-0.6392,249.4722,357.7036,179.6579,357.2364
16.735,600.3101,-0.7258,249.4691,357.7036,179.6579,357.2364
16.838,600.3232,-0.8136,249.4608,357.5811,179.6641,357.0177
16.944,600.3283,-0.9222,249.4568,357.5811,179.6641,357.0176
17.052,600.3358,-1.0139,249.4518,357.5439,179.6660,356.9435
17.159,600.3435,-1.1066,249.4467,357.5085,179.6680,356.8677
17.266,600.3522,-1.2189,249.4410,357.4754,179.6698,356.7938
17.375,600.3571,-1.3132,249.4373,357.4754,179.6698,356.7938
17.485,600.3630,-1.4266,249.4328,357.4754,179.6698,356.7938
17.588,600.3711,-1.5207,249.4281,357.4516,179.6711,356.7168
17.697,600.3760,-1.6146,249.4244,357.4516,179.6711,356.7168
17.804,600.3818,-1.7265,249.4199,357.4516,179.6711,356.7168
17.912,600.3867,-1.8188,249.4163,357.4516,179.6711,356.7168
18.020,600.3923,-1.9281,249.4119,357.4516,179.6711,356.7168
18.120,600.3969,-2.0178,249.4084,357.4516,179.6711,356.7168
18.229,600.4015,-2.1062,249.4049,357.4516,179.6711,356.7168
18.337,600.4061,-2.1930,249.4014,357.4516,179.6711,356.7168
18.441,600.4113,-2.2950,249.3974,357.4516,179.6711,356.7168
18.545,600.4213,-2.3780,249.3980,357.5445,179.6656,356.5819
18.646,600.4257,-2.4595,249.3949,357.5445,179.6656,356.5818
18.757,600.4344,-2.5391,249.3972,357.6751,179.6577,356.4734
18.861,600.4417,-2.6320,249.3966,357.7404,179.6536,356.4223
18.968,600.4490,-2.7074,249.4000,357.8859,179.6445,356.3487
19.077,600.4533,-2.7807,249.3976,357.8859,179.6445,356.3487
19.181,600.4616,-2.8658,249.4044,358.1154,179.6296,356.2694
19.283,600.4656,-2.9342,249.4025,358.1154,179.6296,356.2694
19.389,600.4709,-3.0002,249.4107,358.3602,179.6136,356.2341
19.496,600.4750,-3.0638,249.4158,358.5229,179.6029,356.2255
19.607,600.4794,-3.1368,249.4175,358.6039,179.5975,356.2265
19.717,600.4824,-3.1948,249.4230,358.7661,179.5868,356.2326
19.817,600.4846,-3.2503,249.4320,359.0086,179.5709,356.2594
19.919,600.4877,-3.3031,249.4312,359.0086,179.5709,356.2594
20.022,600.4892,-3.3630,249.4405,359.2528,179.5550,356.3055
20.124,600.4919,-3.4099,249.4400,359.2528,179.5550,356.3055
20.232,600.4918,-3.4543,249.4499,359.5038,179.5390,356.3679
20.341,600.4916,-3.5038,249.4596,359.7464,179.5237,356.4391
20.449,600.4938,-3.5421,249.4594,359.7464,179.5237,356.4390
20.557,600.4924,-3.5777,249.4690,359.9807,179.5093,356.5177
20.662,600.4921,-3.6167,249.4754,0.1368,179.4999,356.5766
20.768,600.4923,-3.6463,249.4787,0.2140,179.4953,356.6063
20.875,600.4896,-3.6731,249.4883,0.4461,179.4817,356.7043
20.982,600.4896,-3.7017,249.4916,0.5209,179.4774,356.7384
21.083,600.4877,-3.7224,249.4979,0.6689,179.4691,356.8076
21.193,600.4854,-3.7404,249.5042,0.8182,179.4609,356.8826
21.299,600.4844,-3.7557,249.5075,0.8917,179.4569,356.9201
21.402,600.4799,-3.7703,249.5168,1.1157,179.4451,357.0453
21.512,600.4785,-3.7794,249.5199,1.1859,179.4415,357.0869
21.617,600.4770,-3.7857,249.5229,1.2562,179.4379,357.1291
21.720,600.4734,-3.7893,249.5286,1.3944,179.4311,357.2172
21.822,600.4696,-3.7898,249.5341,1.5294,179.4246,357.3077
21.933,600.4634,-3.7870,249.5422,1.7304,179.4154,357.4527
22.039,600.4631,-3.7816,249.5421,1.7304,179.4154,357.4527
22.141,600.4560,-3.7711,249.5498,1.9301,179.4068,357.6125
22.245,600.4511,-3.7593,249.5545,2.0541,179.4017,357.7195
22.347,600.4482,-3.7446,249.5565,2.1153,179.3994,357.7733
22.451,600.4427,-3.7271,249.5608,2.2356,179.3948,357.8882
22.554,600.4348,-3.7065,249.5671,2.4114,179.3886,358.0620
22.664,600.4340,-3.6782,249.5660,2.4114,179.3886,358.0620
22.766,600.4229,-3.6512,249.5738,2.6331,179.3815,358.3115
22.867,600.4221,-3.6216,249.5726,2.6331,179.3815,358.3115
22.968,600.4158,-3.5889,249.5753,2.7351,179.3786,358.4391
23.069,600.4068,-3.5533,249.5797,2.8838,179.3748,358.6351
23.176,600.4059,-3.5151,249.5780,2.8838,179.3748,358.6351
23.277,600.3934,-3.4736,249.5835,3.0726,179.3708,358.9145
23.394,600.3898,-3.4206,249.5826,3.1153,179.3700,358.9843
23.498,600.3832,-3.3731,249.5836,3.1995,179.3686,359.1248
23.600,600.3796,-3.3230,249.5826,3.2396,179.3680,359.1966
23.704,600.3665,-3.2590,249.5855,3.3984,179.3662,359.4978
23.807,600.3661,-3.2030,249.5825,3.3984,179.3662,359.4979
23.909,600.3564,-3.1442,249.5834,3.5042,179.3655,359.7266
24.009,600.3529,-3.0831,249.5813,3.5364,179.3654,359.8030
24.113,600.3435,-3.0191,249.5813,3.6289,179.3652,0.0297
24.219,600.3435,-2.9532,249.5775,3.6289,179.3652,0.0297
24.325,600.3309,-2.8705,249.5769,3.7381,179.3656,0.3433
24.435,600.3312,-2.7996,249.5727,3.7381,179.3656,0.3433
24.539,600.3247,-2.7264,249.5702,3.7852,179.3659,0.5087
24.646,600.3188,-2.6358,249.5663,3.8277,179.3663,0.6690
24.757,600.3197,-2.5583,249.5617,3.8277,179.3663,0.6690
24.868,600.3074,-2.4625,249.5584,3.8990,179.3674,1.0001
24.970,600.3086,-2.3812,249.5535,3.8990,179.3674,1.0001
25.076,600.3063,-2.2983,249.5489,3.9120,179.3676,1.0858
25.182,600.2980,-2.1962,249.5438,3.9489,179.3684,1.3382
25.282,600.2999,-2.1098,249.5385,3.9489,179.3684,1.3382
25.394,600.2948,-2.0219,249.5336,3.9690,179.3689,1.5062
25.508,600.2911,-1.9143,249.5275,3.9880,179.3695,1.6675
25.626,600.2940,-1.8053,249.5208,3.9880,179.3695,1.6675
25.731,600.2964,-1.7133,249.5150,3.9880,179.3695,1.6674
25.833,600.2923,-1.6201,249.5096,4.0031,179.3699,1.8348
25.942,600.2956,-1.5075,249.5026,4.0031,179.3699,1.8347
26.044,600.2952,-1.4128,249.4967,4.0077,179.3701,1.9177
26.145,600.2916,-1.3178,249.4907,4.0111,179.3702,2.0817
26.253,600.2946,-1.2225,249.4847,4.0111,179.3702,2.0817
26.355,600.2977,-1.1273,249.4788,4.0111,179.3702,2.0817
26.463,600.3013,-1.0134,249.4716,4.0111,179.3702,2.0817
26.568,600.3044,-0.9188,249.4657,4.0111,179.3702,2.0817
26.674,600.3074,-0.8249,249.4599,4.0111,179.3702,2.0817
26.777,600.3075,-0.7317,249.4532,3.9916,179.3695,2.1618
26.879,600.3105,-0.6396,249.4474,3.9916,179.3695,2.1618
26.987,600.3142,-0.5308,249.4407,3.9916,179.3695,2.1619
27.092,600.3144,-0.4417,249.4335,3.9520,179.3680,2.2323
27.200,600.3181,-0.3371,249.4270,3.9520,179.3679,2.2323
27.303,600.3188,-0.2519,249.4194,3.8950,179.3657,2.2902
27.413,600.3199,-0.1688,249.4115,3.8269,179.3629,2.3371
27.523,600.3220,-0.0723,249.4029,3.7566,179.3600,2.3783
27.631,600.3239,0.0056,249.3951,3.6787,179.3568,2.4079
27.739,600.3251,0.0809,249.3841,3.5155,179.3498,2.4505
27.846,600.3274,0.1674,249.3728,3.3543,179.3429,2.4767
27.957,600.3301,0.2368,249.3658,3.2709,179.3393,2.4779
28.064,600.3339,0.3157,249.3515,3.0197,179.3284,2.4664
28.166,600.3373,0.3783,249.3419,2.8558,179.3214,2.4441
28.276,600.3410,0.4378,249.3326,2.6943,179.3145,2.4129
28.384,600.3452,0.5051,249.3234,2.5367,179.3079,2.3749
28.486,600.3480,0.5577,249.3182,2.4574,179.3046,2.3543
28.591,600.3518,0.6072,249.3098,2.2964,179.2981,2.3064
28.702,600.3571,0.6623,249.2980,2.0541,179.2885,2.2281
28.809,600.3621,0.7049,249.2868,1.8111,179.2792,2.1438
28.914,600.3646,0.7445,249.2825,1.7326,179.2763,2.1163
29.016,600.3694,0.7810,249.2717,1.4917,179.2675,2.0305
29.120,600.3718,0.8210,249.2676,1.4136,179.2648,2.0028
29.223,600.3773,0.8512,249.2541,1.0973,179.2540,1.8935
29.326,600.3782,0.8787,249.2536,1.0973,179.2540,1.8935
29.432,600.3812,0.9037,249.2467,0.9385,179.2489,1.8429
29.533,600.3839,0.9261,249.2399,0.7777,179.2437,1.7931
29.638,600.3864,0.9463,249.2332,0.6200,179.2389,1.7492
29.740,600.3879,0.9642,249.2298,0.5410,179.2365,1.7279
29.849,600.3907,0.9832,249.2199,0.3028,179.2294,1.6732
29.958,600.3910,0.9969,249.2198,0.3028,179.2294,1.6732
30.064,600.3932,1.0114,249.2099,0.0622,179.2225,1.6316
30.169,600.3935,1.0217,249.2099,0.0622,179.2225,1.6316
30.273,600.3945,1.0308,249.2030,359.8950,179.2177,1.6166
30.378,600.3952,1.0389,249.1963,359.7325,179.2132,1.6095
30.491,600.3956,1.0472,249.1963,359.7325,179.2132,1.6095
30.602,600.3956,1.0546,249.1896,359.5665,179.2085,1.6169
30.712,600.3953,1.0599,249.1862,359.4842,179.2061,1.6271
30.817,600.3948,1.0650,249.1829,359.4020,179.2038,1.6380
30.922,600.3936,1.0707,249.1764,359.2419,179.1992,1.6731
31.026,600.3936,1.0751,249.1765,359.2419,179.1992,1.6731
31.131,600.3915,1.0794,249.1700,359.0840,179.1945,1.7255
31.231,600.3905,1.0837,249.1669,359.0075,179.1922,1.7520
31.337,600.3905,1.0877,249.1670,359.0075,179.1922,1.7520
31.439,600.3892,1.0915,249.1640,358.9335,179.1899,1.7863
31.540,600.3892,1.0962,249.1641,358.9335,179.1899,1.7863
31.643,600.3861,1.1001,249.1580,358.7829,179.1851,1.8636
31.748,600.3861,1.1039,249.1580,358.7829,179.1851,1.8636
31.859,600.3861,1.1077,249.1581,358.7829,179.1851,1.8636
31.968,600.3845,1.1126,249.1553,358.7127,179.1828,1.9053
32.079,600.3845,1.1167,249.1554,358.7127,179.1828,1.9053
32.183,600.3845,1.1222,249.1555,358.7127,179.1828,1.9053
32.293,600.3846,1.1272,249.1555,358.7127,179.1828,1.9053
32.398,600.3829,1.1331,249.1530,358.6471,179.1806,1.9543
32.501,600.3833,1.1408,249.1532,358.6471,179.1805,1.9543
32.609,600.3836,1.1482,249.1533,358.6471,179.1805,1.9543
32.719,600.3839,1.1566,249.1535,358.6471,179.1805,1.9543
32.827,600.3843,1.1681,249.1537,358.6471,179.1805,1.9543
32.935,600.3846,1.1791,249.1540,358.6471,179.1805,1.9543
33.050,600.3849,1.1941,249.1543,358.6471,179.1805,1.9543
33.152,600.3853,1.2082,249.1546,358.6471,179.1805,1.9543
33.259,600.3828,1.2240,249.1539,358.6207,179.1796,2.0308
33.367,600.3835,1.2450,249.1543,358.6207,179.1796,2.0308
33.472,600.3841,1.2644,249.1548,358.6207,179.1796,2.0308
33.573,600.3813,1.2858,249.1554,358.6246,179.1798,2.1134
33.680,600.3820,1.3088,249.1559,358.6246,179.1798,2.1134
33.780,600.3766,1.3392,249.1580,358.6623,179.1812,2.2735
33.885,600.3775,1.3663,249.1586,358.6623,179.1812,2.2735
33.988,600.3756,1.3954,249.1608,358.7004,179.1828,2.3453
34.096,600.3740,1.4264,249.1633,358.7476,179.1847,2.4134
34.203,600.3729,1.4659,249.1662,358.7997,179.1869,2.4774
34.308,600.3693,1.5009,249.1720,358.9236,179.1924,2.5934
34.416,600.3708,1.5376,249.1726,358.9236,179.1924,2.5934
34.519,600.3665,1.5760,249.1819,359.1332,179.2022,2.7336
34.625,600.3687,1.6240,249.1825,359.1332,179.2022,2.7336
34.732,600.3691,1.6655,249.1864,359.2113,179.2059,2.7657
34.840,600.3688,1.7172,249.1934,359.3678,179.2136,2.8261
34.945,600.3699,1.7615,249.1970,359.4458,179.2174,2.8446
35.050,600.3714,1.8068,249.2006,359.5249,179.2214,2.8597
35.155,600.3730,1.8531,249.2042,359.6044,179.2253,2.8700
35.259,600.3748,1.9001,249.2113,359.7703,179.2337,2.8754
35.364,600.3776,1.9572,249.2183,359.9329,179.2418,2.8635
35.467,600.3797,2.0052,249.2184,359.9329,179.2418,2.8635
35.571,600.3837,2.0535,249.2284,0.1771,179.2540,2.8095
35.679,600.3859,2.1017,249.2284,0.1771,179.2540,2.8095
35.786,600.3908,2.1595,249.2346,0.3323,179.2615,2.7468
35.894,600.3943,2.2073,249.2374,0.4056,179.2650,2.7113
36.009,600.4017,2.2640,249.2459,0.6203,179.2749,2.5821
36.109,600.4035,2.3105,249.2454,0.6203,179.2749,2.5821
36.219,600.4121,2.3561,249.2532,0.8179,179.2835,2.4136
36.323,600.4186,2.4097,249.2572,0.9312,179.2882,2.2991
36.427,600.4252,2.4530,249.2611,1.0379,179.2924,2.1741
36.531,600.4292,2.4951,249.2625,1.0875,179.2942,2.1120
36.636,600.4361,2.5358,249.2658,1.1816,179.2976,1.9732
36.741,600.4462,2.5827,249.2704,1.3110,179.3018,1.7619
36.843,600.4560,2.6201,249.2744,1.4235,179.3050,1.5415
36.948,600.4598,2.6558,249.2751,1.4589,179.3060,1.4694
37.053,600.4701,2.6899,249.2785,1.5568,179.3083,1.2364
37.157,600.4738,2.7222,249.2791,1.5870,179.3089,1.1613
37.261,600.4872,2.7588,249.2832,1.7025,179.3109,0.8471
37.367,600.4875,2.7873,249.2824,1.7025,179.3109,0.8471
37.479,600.5044,2.8143,249.2876,1.8391,179.3125,0.4419
37.583,600.5079,2.8443,249.2878,1.8640,179.3127,0.3645
37.692,600.5175,2.8675,249.2903,1.9377,179.3130,0.1307
37.796,600.5239,2.8886,249.2917,1.9820,179.3130,359.9736
37.906,600.5303,2.9114,249.2928,2.0243,179.3129,359.8181
38.012,600.5403,2.9281,249.2948,2.0798,179.3127,359.5755
38.117,600.5435,2.9429,249.2951,2.0972,179.3125,359.4966
38.219,600.5505,2.9556,249.2961,2.1280,179.3122,359.3287
38.327,600.5573,2.9686,249.2970,2.1571,179.3118,359.1637
38.431,600.5673,2.9773,249.2984,2.1941,179.3112,358.9202
38.535,600.5673,2.9842,249.2982,2.1941,179.3112,358.9202
38.640,600.5810,2.9906,249.3001,2.2393,179.3102,358.5891
38.744,600.5810,2.9941,249.3000,2.2393,179.3102,358.5891
38.849,600.5876,2.9963,249.3009,2.2613,179.3097,358.4291
38.958,600.5876,2.9973,249.3009,2.2613,179.3096,358.4290
39.062,600.5976,2.9975,249.3026,2.2973,179.3086,358.1880
39.166,600.5976,2.9963,249.3026,2.2973,179.3086,358.1880
39.274,600.5976,2.9943,249.3027,2.2973,179.3086,358.1880
39.377,600.6076,2.9923,249.3050,2.3449,179.3070,357.9467
39.479,600.6076,2.9895,249.3050,2.3449,179.3070,357.9467
39.583,600.6076,2.9857,249.3052,2.3449,179.3070,357.9467
39.688,600.6108,2.9826,249.3063,2.3662,179.3062,357.8695
39.792,600.6108,2.9793,249.3064,2.3662,179.3062,357.8695
39.892,600.6140,2.9762,249.3077,2.3940,179.3051,357.7917
39.996,600.6172,2.9738,249.3090,2.4220,179.3040,357.7148
40.100,600.6172,2.9708,249.3091,2.4220,179.3040,357.7148
40.207,600.6172,2.9688,249.3092,2.4220,179.3040,357.7149
40.312,600.6172,2.9673,249.3093,2.4220,179.3040,357.7149
40.415,600.6172,2.9664,249.3093,2.4220,179.3040,357.7149
40.520,600.6172,2.9660,249.3093,2.4220,179.3040,357.7148
40.624,600.6172,2.9663,249.3093,2.4220,179.3040,357.7149
40.731,600.6172,2.9672,249.3093,2.4220,179.3040,357.7148
40.836,600.6172,2.9686,249.3092,2.4220,179.3040,357.7148
40.944,600.6172,2.9710,249.3091,2.4220,179.3040,357.7148
41.048,600.6172,2.9735,249.3090,2.4220,179.3040,357.7148
41.161,600.6172,2.9770,249.3089,2.4220,179.3040,357.7148
41.267,600.6172,2.9802,249.3088,2.4220,179.3040,357.7148
41.369,600.6172,2.9835,249.3086,2.4220,179.3040,357.7148
41.473,600.6172,2.9870,249.3085,2.4220,179.3040,357.7148
41.578,600.6172,2.9903,249.3083,2.4220,179.3040,357.7148
41.682,600.6172,2.9940,249.3082,2.4220,179.3040,357.7148
41.788,600.6172,2.9967,249.3081,2.4220,179.3040,357.7148
41.894,600.6172,2.9989,249.3080,2.4220,179.3040,357.7148
42.001,600.6172,3.0006,249.3079,2.4220,179.3040,357.7148
42.104,600.6172,3.0011,249.3080,2.4220,179.3040,357.7148
42.212,600.6172,3.0006,249.3080,2.4220,179.3040,357.7148
42.316,600.6172,2.9989,249.3080,2.4220,179.3040,357.7148
42.419,600.6172,2.9958,249.3082,2.4220,179.3040,357.7148
42.527,600.6174,2.9903,249.3084,2.4220,179.3040,357.7148
42.631,600.6177,2.9839,249.3086,2.4220,179.3040,357.7148
42.735,600.6180,2.9758,249.3089,2.4220,179.3040,357.7149
42.843,600.6187,2.9635,249.2991,2.1757,179.3138,357.7090
42.949,600.6190,2.9512,249.2961,2.0952,179.3171,357.7095
43.055,600.6194,2.9368,249.2897,1.9292,179.3236,357.7130
43.160,600.6198,2.9170,249.2798,1.6757,179.3337,357.7252
43.264,600.6202,2.8983,249.2768,1.5940,179.3370,357.7297
43.368,600.6199,2.8776,249.2669,1.3419,179.3469,357.7527
43.468,600.6204,2.8550,249.2639,1.2581,179.3502,357.7627
43.577,600.6202,2.8304,249.2540,1.0080,179.3599,357.7952
43.685,600.6196,2.7984,249.2443,0.7617,179.3693,357.8381
43.797,600.6199,2.7695,249.2413,0.6816,179.3723,357.8526
43.897,600.6196,2.7384,249.2349,0.5185,179.3784,357.8836
44.002,600.6190,2.6979,249.2214,0.1856,179.3905,357.9390
44.107,600.6199,2.6613,249.2182,0.1043,179.3935,357.9467
44.212,600.6207,2.6217,249.2115,359.9398,179.3994,357.9597
44.316,600.6222,2.5791,249.2011,359.6919,179.4082,357.9582
44.422,600.6248,2.5233,249.1940,359.5262,179.4141,357.9402
44.525,600.6281,2.4732,249.1835,359.2809,179.4230,357.9026
44.629,600.6309,2.4189,249.1795,359.1999,179.4260,357.8794
44.736,600.6372,2.3613,249.1655,358.8792,179.4381,357.7756
44.839,600.6393,2.2992,249.1645,358.8792,179.4381,357.7756
44.947,600.6503,2.2200,249.1471,358.4954,179.4537,357.5855
45.055,600.6548,2.1490,249.1425,358.4260,179.4566,357.5431
45.158,600.6636,2.0744,249.1320,358.2158,179.4659,357.4050
45.269,600.6763,1.9793,249.1182,357.9468,179.4786,357.1971
45.378,600.6822,1.8957,249.1129,357.8838,179.4817,357.1461
45.481,600.6970,1.7902,249.0990,357.6325,179.4948,356.9087
45.583,600.7040,1.6980,249.0931,357.5735,179.4980,356.8508
45.687,600.7192,1.6025,249.0802,357.3497,179.5108,356.6043
45.794,600.7245,1.5029,249.0761,357.3497,179.5108,356.6043
45.898,600.7414,1.4005,249.0631,357.1376,179.5239,356.3359
46.014,600.7516,1.2728,249.0555,357.0898,179.5270,356.2687
46.120,600.7681,1.1419,249.0436,356.9492,179.5364,356.0635
46.225,600.7780,1.0292,249.0366,356.9075,179.5393,355.9960
46.335,600.7912,0.9145,249.0276,356.8258,179.5451,355.8563
46.440,600.8065,0.7737,249.0176,356.7508,179.5506,355.7099
46.543,600.8146,0.6545,249.0116,356.7508,179.5506,355.7099
46.646,600.8292,0.5339,249.0029,356.6864,179.5556,355.5595
46.755,600.8409,0.4125,248.9953,356.6561,179.5579,355.4847
46.860,600.8516,0.2650,248.9877,356.6561,179.5579,355.4847
46.965,600.8670,0.1422,248.9797,356.6159,179.5612,355.3277
47.075,600.8762,0.0187,248.9732,356.6159,179.5612,355.3277
47.180,600.8853,-0.1047,248.9667,356.6159,179.5612,355.3277
47.286,600.8963,-0.2520,248.9590,356.6159,179.5612,355.3277
47.392,600.9052,-0.3739,248.9526,356.6159,179.5612,355.3277
47.497,600.9173,-0.4943,248.9468,356.6285,179.5602,355.2505
47.601,600.9279,-0.6371,248.9394,356.6285,179.5602,355.2505
47.705,600.9367,-0.7540,248.9333,356.6285,179.5602,355.2505
47.811,600.9453,-0.8688,248.9273,356.6285,179.5602,355.2505
47.918,600.9537,-0.9813,248.9214,356.6285,179.5602,355.2505
48.026,600.9655,-1.1127,248.9173,356.6960,179.5545,355.2045
48.131,600.9755,-1.2188,248.9148,356.7645,179.5487,355.1609
48.235,600.9833,-1.3219,248.9097,356.7645,179.5487,355.1609
48.342,600.9944,-1.4414,248.9177,357.0986,179.5202,355.1132
48.446,601.0017,-1.5368,248.9134,357.0986,179.5202,355.1132
48.549,601.0068,-1.6288,248.9196,357.3442,179.4993,355.1622
48.654,601.0113,-1.7166,248.9223,357.4961,179.4865,355.2140
48.757,601.0131,-1.8007,248.9283,357.7170,179.4682,355.3214
48.861,601.0141,-1.8958,248.9338,357.9300,179.4510,355.4607
48.972,601.0129,-1.9704,248.9396,358.1277,179.4356,355.6134
49.076,601.0155,-2.0403,248.9401,358.1889,179.4309,355.6665
49.186,601.0107,-2.1184,248.9482,358.4335,179.4129,355.9023
49.306,601.0046,-2.1895,248.9558,358.6598,179.3971,356.1562
49.414,600.9996,-2.2435,248.9613,358.8192,179.3867,356.3515
49.517,600.9969,-2.2927,248.9646,358.9206,179.3803,356.4821
49.620,600.9847,-2.3454,248.9740,359.1704,179.3658,356.8386
49.725,600.9809,-2.3837,248.9772,359.2611,179.3609,356.9751
49.829,600.9702,-2.4170,248.9843,359.4429,179.3517,357.2677
49.937,600.9654,-2.4452,248.9875,359.5289,179.3477,357.4100
50.044,600.9543,-2.4724,248.9941,359.6953,179.3406,357.7005
50.147,600.9396,-2.4892,249.0023,359.8986,179.3331,358.0678
50.251,600.9340,-2.5006,249.0054,359.9775,179.3305,358.2105
50.359,600.9188,-2.5064,249.0138,0.1842,179.3248,358.5785
50.465,600.9068,-2.5055,249.0206,0.3534,179.3210,358.8668
50.569,600.8975,-2.4981,249.0260,0.4896,179.3185,359.0879
50.674,600.8853,-2.4844,249.0333,0.6728,179.3161,359.3760
50.778,600.8739,-2.4643,249.0404,0.8553,179.3145,359.6472
50.885,600.8627,-2.4315,249.0475,1.0461,179.3138,359.9171
50.995,600.8506,-2.3967,249.0557,1.2649,179.3141,0.2061
51.099,600.8364,-2.3550,249.0659,1.5399,179.3159,0.5555
51.206,600.8262,-2.2959,249.0732,1.7601,179.3185,0.8196
51.313,600.8135,-2.2388,249.0829,2.0435,179.3234,1.1453
51.420,600.8047,-2.1615,249.0896,2.2722,179.3285,1.3950
51.525,600.7936,-2.0891,249.0988,2.5677,179.3365,1.7059
51.629,600.7861,-2.0102,249.1049,2.8018,179.3439,1.9424
51.732,600.7794,-1.9245,249.1105,3.0373,179.3524,2.1721
51.835,600.7758,-1.8323,249.1131,3.2142,179.3594,2.3400
51.944,600.7683,-1.7134,249.1200,3.5395,179.3736,2.6361
52.048,600.7659,-1.6078,249.1217,3.7300,179.3827,2.8047
52.156,600.7621,-1.4959,249.1252,3.9857,179.3957,3.0242
52.260,600.7603,-1.3552,249.1266,4.2428,179.4098,3.2359
52.367,600.7606,-1.2323,249.1260,4.4348,179.4210,3.3895
52.472,600.7635,-1.1046,249.1223,4.5638,179.4287,3.4894
52.578,600.7628,-0.9722,249.1233,4.8311,179.4456,3.6896
52.681,600.7684,-0.8096,249.1166,4.9696,179.4547,3.7873
52.785,600.7714,-0.6693,249.1137,5.1730,179.4684,3.9282
52.893,600.7802,-0.5274,249.1023,5.1730,179.4684,3.9282
52.999,600.7823,-0.3820,249.1017,5.4546,179.4883,4.1029
53.099,600.7918,-0.2354,249.0893,5.4546,179.4883,4.1029
53.206,600.8034,-0.0581,249.0742,5.4546,179.4883,4.1029
53.313,600.8117,0.0907,249.0647,5.5300,179.4937,4.1392
53.418,600.8201,0.2407,249.0547,5.6051,179.4992,4.1747
53.524,600.8318,0.4195,249.0391,5.6051,179.4992,4.1747
53.628,600.8416,0.5676,249.0263,5.6051,179.4992,4.1747
53.734,600.8514,0.7145,249.0135,5.6051,179.4992,4.1747
53.840,600.8610,0.8596,249.0009,5.6051,179.4992,4.1747
53.947,600.8723,1.0307,248.9860,5.6051,179.4992,4.1747
54.057,600.8815,1.1702,248.9739,5.6051,179.4992,4.1747
54.170,600.8923,1.3331,248.9597,5.6051,179.4992,4.1748
54.277,600.9011,1.4646,248.9483,5.6051,179.4992,4.1747
54.382,600.9111,1.6167,248.9351,5.6051,179.4992,4.1748
54.486,600.9258,1.7380,248.9236,5.5754,179.4971,4.0107
54.593,600.9426,1.8534,248.9114,5.5093,179.4926,3.7684
54.696,600.9610,1.9635,248.8960,5.3525,179.4826,3.4713
54.797,600.9723,2.0678,248.8841,5.2645,179.4774,3.3326
54.904,600.9942,2.1844,248.8614,4.9258,179.4588,2.9396
55.014,601.0055,2.2749,248.8476,4.7490,179.4500,2.7630
55.115,601.0207,2.3583,248.8288,4.4276,179.4352,2.4780
55.220,601.0306,2.4498,248.8150,4.2357,179.4271,2.3192
55.326,601.0446,2.5182,248.7958,3.8667,179.4131,2.0422
55.429,601.0573,2.5794,248.7775,3.4982,179.4007,1.7802
55.536,601.0665,2.6334,248.7633,3.2176,179.3925,1.5912
55.640,601.0790,2.6890,248.7433,2.7885,179.3816,1.3222
55.744,601.0885,2.7273,248.7272,2.4307,179.3739,1.1120
55.849,601.0957,2.7586,248.7141,2.1359,179.3686,0.9505
55.955,601.1025,2.7827,248.7010,1.8358,179.3641,0.7944
56.064,601.1121,2.8025,248.6815,1.3710,179.3585,0.5727
56.169,601.1191,2.8114,248.6657,0.9876,179.3553,0.4049
56.272,601.1243,2.8134,248.6531,0.6811,179.3535,0.2811
56.382,601.1320,2.8066,248.6340,0.2126,179.3519,0.0996
56.491,601.1372,2.7933,248.6210,359.8965,179.3517,359.9759
56.593,601.1441,2.7728,248.6048,359.5021,179.3524,359.8137
56.697,601.1500,2.7449,248.5917,359.1902,179.3538,359.6741
56.802,601.1600,2.7016,248.5718,358.7204,179.3574,359.4447
56.907,601.1689,2.6572,248.5555,358.3474,179.3616,359.2446
57.018,601.1767,2.6048,248.5421,358.0563,179.3659,359.0754
57.127,601.1896,2.5321,248.5213,357.6110,179.3742,358.7961
57.231,601.2010,2.4629,248.5040,357.2560,179.3824,358.5571
57.333,601.2111,2.3858,248.4894,356.9837,179.3897,358.3628
57.441,601.2272,2.2834,248.4673,356.5699,179.4027,358.0483
57.546,601.2391,2.1897,248.4512,356.3051,179.4122,357.8362
57.649,601.2544,2.0889,248.4316,355.9757,179.4255,357.5588
57.754,601.2656,1.9807,248.4168,355.7861,179.4338,357.3933
57.857,601.2830,1.8657,248.3957,355.4629,179.4494,357.0959
57.961,601.3024,1.7194,248.3724,355.1572,179.4658,356.8030
58.063,601.3170,1.5895,248.3549,354.9728,179.4764,356.6154
58.168,601.3350,1.4548,248.3341,354.7316,179.4913,356.3634
58.276,601.3484,1.3134,248.3178,354.6206,179.4985,356.2434
58.376,601.3710,1.1675,248.2935,354.3330,179.5183,355.9153
58.477,601.3862,1.0160,248.2756,354.2267,179.5260,355.7884
58.585,601.4098,0.8296,248.2500,354.0211,179.5417,355.5327
58.689,601.4241,0.6681,248.2329,353.9704,179.5457,355.4639
58.794,601.4476,0.5055,248.2092,353.7717,179.5621,355.1875
58.899,601.4604,0.3377,248.1929,353.7717,179.5621,355.1875
59.007,601.4821,0.1339,248.1694,353.6825,179.5697,355.0464
59.107,601.5016,-0.0379,248.1490,353.5998,179.5770,354.9057
59.214,601.5157,-0.2119,248.1317,353.5998,179.5770,354.9057
59.322,601.5358,-0.4216,248.1093,353.5641,179.5802,354.8325
59.423,601.5535,-0.5966,248.0906,353.5337,179.5830,354.7573
59.524,601.5681,-0.7718,248.0730,353.5337,179.5830,354.7573
59.634,601.5825,-0.9463,248.0555,353.5337,179.5831,354.7573
59.741,601.5997,-1.1542,248.0347,353.5337,179.5831,354.7573
59.845,601.6139,-1.3255,248.0175,353.5337,179.5831,354.7573
59.952,601.6279,-1.4947,248.0005,353.5337,179.5831,354.7573
60.060,601.6444,-1.6940,247.9805,353.5337,179.5831,354.7572
60.164,601.6579,-1.8567,247.9642,353.5337,179.5831,354.7572
60.269,601.6711,-2.0157,247.9483,353.5337,179.5831,354.7572
60.374,601.6852,-2.1709,247.9357,353.6072,179.5763,354.7278
60.478,601.6990,-2.3221,247.9275,353.7713,179.5610,354.6973
60.587,601.7139,-2.4976,247.9175,353.9368,179.5455,354.6951
60.693,601.7233,-2.6396,247.9181,354.2666,179.5149,354.7556
60.797,601.7305,-2.7755,247.9155,354.4946,179.4940,354.8523
60.903,601.7381,-2.9319,247.9113,354.7097,179.4748,354.9704
61.006,601.7375,-3.0563,247.9156,355.0546,179.4450,355.2172
61.109,601.7419,-3.1739,247.9120,355.1824,179.4344,355.3243
61.217,601.7375,-3.2864,247.9169,355.5009,179.4091,355.6244
61.319,601.7397,-3.3920,247.9146,355.6185,179.4002,355.7431
61.424,601.7307,-3.5107,247.9212,355.9702,179.3752,356.1418
61.533,601.7280,-3.6025,247.9223,356.1321,179.3645,356.3372
61.636,601.7208,-3.6876,247.9261,356.3475,179.3512,356.6221
61.741,601.7079,-3.7818,247.9333,356.6469,179.3346,357.0435
61.846,601.7051,-3.8526,247.9335,356.7410,179.3299,357.1901
61.950,601.6921,-3.9177,247.9398,356.9731,179.3192,357.5681
62.060,601.6822,-3.9874,247.9435,357.1408,179.3125,357.8674
62.175,601.6743,-4.0390,247.9462,357.2607,179.3083,358.0952
62.281,601.6564,-4.0930,247.9529,357.4809,179.3018,358.5632
62.384,601.6477,-4.1318,247.9554,357.5779,179.2996,358.7925
62.486,601.6349,-4.1649,247.9591,357.6996,179.2974,359.1151
62.593,601.6254,-4.1928,247.9615,357.7822,179.2962,359.3551
62.697,601.6087,-4.2154,247.9657,357.9055,179.2953,359.7616
62.798,601.6023,-4.2328,247.9669,357.9488,179.2952,359.9163
62.902,601.5818,-4.2465,247.9719,358.0819,179.2955,0.4118
63.004,601.5720,-4.2520,247.9745,358.1493,179.2962,0.6522
63.112,601.5587,-4.2518,247.9784,358.2449,179.2975,0.9735
63.219,601.5457,-4.2458,247.9828,358.3493,179.2996,1.2917
63.322,601.5362,-4.2311,247.9867,358.4349,179.3017,1.5298
63.425,601.5197,-4.2120,247.9939,358.6016,179.3068,1.9450
63.534,601.5109,-4.1869,247.9985,358.7019,179.3104,2.1769
63.640,601.4962,-4.1488,248.0071,358.8961,179.3185,2.5697
63.742,601.4885,-4.1103,248.0127,359.0168,179.3241,2.7953
63.847,601.4755,-4.0653,248.0221,359.2331,179.3354,3.1649
63.952,601.4722,-4.0146,248.0264,359.3229,179.3405,3.3062
64.059,601.4605,-3.9571,248.0371,359.5710,179.3556,3.6686
64.166,601.4540,-3.8805,248.0458,359.7736,179.3691,3.9395
64.269,601.4504,-3.8100,248.0523,359.9289,179.3801,4.1358
64.373,601.4448,-3.7337,248.0616,0.1554,179.3970,4.3969
64.479,601.4431,-3.6515,248.0682,0.3247,179.4102,4.5834
64.583,601.4388,-3.5457,248.0798,0.6230,179.4350,4.8814
64.686,601.4416,-3.4521,248.0838,0.7425,179.4453,4.9928
64.792,601.4406,-3.3528,248.0930,0.9976,179.4681,5.2141
64.905,601.4468,-3.2278,248.0961,1.1233,179.4797,5.3183
65.009,601.4480,-3.1182,248.1049,1.3916,179.5051,5.5180
65.127,601.4526,-2.9817,248.1132,1.6670,179.5322,5.7014
65.233,601.4614,-2.8641,248.1131,1.7373,179.5392,5.7428
65.336,601.4677,-2.7423,248.1183,1.9511,179.5610,5.8641
65.436,601.4776,-2.6183,248.1178,2.0271,179.5688,5.9000
65.543,601.4866,-2.4647,248.1250,2.3302,179.6005,6.0349
65.657,601.4989,-2.3352,248.1204,2.3302,179.6005,6.0349
65.765,601.5104,-2.1762,248.1273,2.6439,179.6340,6.1247
65.868,601.5233,-2.0430,248.1219,2.6439,179.6340,6.1247
65.970,601.5355,-1.9082,248.1228,2.8017,179.6509,6.1436
66.081,601.5512,-1.7461,248.1159,2.8017,179.6509,6.1436
66.188,601.5648,-1.6102,248.1198,3.0442,179.6770,6.1315
66.292,601.5779,-1.4750,248.1135,3.0442,179.6770,6.1316
66.400,601.5945,-1.3135,248.1092,3.1234,179.6855,6.1043
66.506,601.6096,-1.1797,248.1090,3.2784,179.7021,6.0453
66.611,601.6221,-1.0474,248.1023,3.2784,179.7021,6.0453
66.717,601.6385,-0.9169,248.1010,3.4066,179.7155,5.9425
66.821,601.6575,-0.7629,248.0975,3.5182,179.7271,5.8259
66.925,601.6745,-0.6374,248.0945,3.6070,179.7361,5.6881
67.033,601.6881,-0.5145,248.0894,3.6481,179.7401,5.6186
67.141,601.7101,-0.3711,248.0847,3.7268,179.7477,5.3820
67.245,601.7261,-0.2551,248.0795,3.7586,179.7507,5.2267
67.349,601.7451,-0.1425,248.0739,3.7755,179.7522,4.9805
67.452,601.7569,-0.0334,248.0674,3.7715,179.7519,4.8972
67.556,601.7748,0.0713,248.0607,3.7509,179.7502,4.6463
67.661,601.7934,0.1922,248.0519,3.7014,179.7462,4.4007
67.764,601.8063,0.2887,248.0447,3.6573,179.7429,4.2420
67.869,601.8219,0.3806,248.0364,3.5765,179.7371,4.0041
67.975,601.8364,0.4687,248.0279,3.4826,179.7307,3.7811
68.080,601.8512,0.5686,248.0182,3.3702,179.7234,3.5588
68.188,601.8644,0.6476,248.0090,3.2434,179.7158,3.3446
68.295,601.8711,0.7225,248.0036,3.2006,179.7133,3.2757
68.401,601.8864,0.8067,247.9913,2.9981,179.7022,3.0031
68.504,601.8945,0.8731,247.9841,2.8937,179.6968,2.8810
68.607,601.9046,0.9353,247.9742,2.7180,179.6882,2.7005
68.715,601.9092,0.9940,247.9694,2.6593,179.6855,2.6460
68.819,601.9180,1.0490,247.9593,2.4648,179.6768,2.4879
68.922,601.9244,1.1108,247.9510,2.3203,179.6706,2.3920
69.027,601.9316,1.1582,247.9407,2.1056,179.6619,2.2581
69.137,601.9331,1.2028,247.9392,2.1056,179.6619,2.2581
69.244,601.9424,1.2513,247.9217,1.7122,179.6470,2.0703
69.357,601.9449,1.2884,247.9176,1.6373,179.6443,2.0394
69.463,601.9511,1.3284,247.9039,1.3259,179.6336,1.9211
69.569,601.9542,1.3582,247.8970,1.1726,179.6285,1.8685
69.678,601.9570,1.3849,247.8901,1.0163,179.6235,1.8194
69.783,601.9597,1.4128,247.8831,0.8547,179.6184,1.7728
69.887,601.9630,1.4328,247.8730,0.6131,179.6111,1.7084
69.995,601.9650,1.4500,247.8660,0.4476,179.6062,1.6704
70.103,601.9669,1.4669,247.8592,0.2840,179.6015,1.6343
70.214,601.9692,1.4781,247.8491,0.0392,179.5946,1.5892
70.318,601.9705,1.4868,247.8424,359.8762,179.5901,1.5641
70.424,601.9716,1.4942,247.8354,359.7075,179.5855,1.5429
70.526,601.9725,1.4979,247.8287,359.5426,179.5811,1.5236
70.631,601.9725,1.4994,247.8287,359.5426,179.5811,1.5236
70.737,601.9737,1.4993,247.8112,359.1197,179.5699,1.4980
70.842,601.9737,1.4964,247.8112,359.1197,179.5699,1.4979
70.945,601.9737,1.4923,247.8043,358.9523,179.5656,1.4987
71.053,601.9737,1.4867,247.8008,358.8694,179.5634,1.4997
71.161,601.9732,1.4781,247.7972,358.7875,179.5612,1.5036
71.266,601.9722,1.4698,247.7868,358.5374,179.5546,1.5214
71.371,601.9719,1.4602,247.7865,358.5374,179.5546,1.5214
71.476,601.9709,1.4498,247.7797,358.3777,179.5504,1.5410
71.579,601.9706,1.4383,247.7794,358.3777,179.5504,1.5410
71.686,601.9691,1.4238,247.7722,358.2136,179.5459,1.5700
71.791,601.9674,1.4110,247.7652,358.0515,179.5414,1.6058
71.895,601.9671,1.3977,247.7648,358.0515,179.5414,1.6058
72.007,601.9650,1.3813,247.7578,357.8928,179.5369,1.6502
72.118,601.9647,1.3674,247.7573,357.8928,179.5369,1.6502
72.226,601.9644,1.3502,247.7568,357.8928,179.5369,1.6502
72.331,601.9618,1.3361,247.7499,357.7363,179.5323,1.7068
72.438,601.9615,1.3216,247.7493,357.7363,179.5323,1.7068
72.541,601.9611,1.3044,247.7487,357.7363,179.5323,1.7068
72.644,601.9608,1.2902,247.7482,357.7363,179.5323,1.7068
72.752,601.9591,1.2764,247.7446,357.6627,179.5301,1.7418
72.855,601.9588,1.2626,247.7441,357.6627,179.5301,1.7418
72.956,601.9585,1.2492,247.7436,357.6627,179.5301,1.7418
73.062,601.9581,1.2335,247.7431,357.6627,179.5301,1.7418
73.169,601.9578,1.2210,247.7426,357.6627,179.5301,1.7418
73.294,601.9575,1.2064,247.7421,357.6627,179.5301,1.7419
73.399,601.9572,1.1949,247.7416,357.6627,179.5301,1.7418
73.505,601.9568,1.1817,247.7411,357.6627,179.5301,1.7418
73.609,601.9565,1.1712,247.7408,357.6627,179.5301,1.7419
73.716,601.9562,1.1613,247.7404,357.6627,179.5301,1.7419
73.821,601.9558,1.1501,247.7399,357.6627,179.5301,1.7419
73.925,601.9555,1.1414,247.7396,357.6627,179.5301,1.7419
74.031,601.9552,1.1332,247.7393,357.6627,179.5301,1.7419
74.141,601.9548,1.1242,247.7390,357.6627,179.5301,1.7419
74.247,601.9545,1.1172,247.7387,357.6627,179.5301,1.7419
74.355,601.9542,1.1107,247.7385,357.6627,179.5301,1.7419
74.458,601.9539,1.1046,247.7383,357.6627,179.5301,1.7419
74.562,601.9538,1.0980,247.7380,357.6627,179.5301,1.7419
74.667,601.9538,1.0929,247.7378,357.6627,179.5301,1.7419
74.772,601.9538,1.0881,247.7377,357.6627,179.5301,1.7420
74.876,601.9538,1.0835,247.7375,357.6626,179.5300,1.7420
74.981,601.9538,1.0784,247.7373,357.6626,179.5300,1.7420
75.085,601.9538,1.0742,247.7372,357.6626,179.5300,1.7420
75.194,601.9538,1.0700,247.7370,357.6626,179.5300,1.7420
75.300,601.9538,1.0647,247.7368,357.6626,179.5300,1.7420
75.403,601.9538,1.0598,247.7367,357.6626,179.5300,1.7420
75.506,601.9536,1.0542,247.7364,357.6626,179.5300,1.7420
75.612,601.9533,1.0478,247.7362,357.6626,179.5300,1.7420
75.716,601.9530,1.0402,247.7359,357.6626,179.5300,1.7421
75.819,601.9527,1.0313,247.7356,357.6626,179.5300,1.7421
75.925,601.9523,1.0188,247.7351,357.6626,179.5300,1.7421
76.028,601.9520,1.0065,247.7347,357.6626,179.5300,1.7421
76.137,601.9605,0.9923,247.7392,357.7849,179.5335,1.5257
76.252,601.9601,0.9731,247.7385,357.7849,179.5335,1.5257
76.361,601.9630,0.9509,247.7386,357.8055,179.5341,1.4481
76.467,601.9692,0.9300,247.7390,357.8352,179.5348,1.2887
76.573,601.9688,0.9071,247.7383,357.8352,179.5348,1.2887
76.679,601.9782,0.8819,247.7377,357.8428,179.5349,1.0449
76.784,601.9777,0.8486,247.7366,357.8428,179.5349,1.0449
76.888,601.9841,0.8182,247.7346,357.8223,179.5346,0.8773
76.994,601.9937,0.7855,247.7317,357.7793,179.5340,0.6359
77.097,601.9934,0.7504,247.7305,357.7793,179.5340,0.6359
77.204,601.9996,0.7049,247.7272,357.7376,179.5336,0.4780
77.312,602.0056,0.6643,247.7238,357.6917,179.5333,0.3233
77.418,602.0053,0.6210,247.7222,357.6917,179.5333,0.3233
77.524,602.0186,0.5661,247.7156,357.5806,179.5330,0.0002
77.625,602.0186,0.5173,247.7137,357.5806,179.5330,0.0002
77.731,602.0285,0.4663,247.7080,357.4911,179.5332,359.7605
77.833,602.0351,0.4125,247.7035,357.4334,179.5335,359.6083
77.940,602.0417,0.3449,247.6984,357.3757,179.5340,359.4562
78.045,602.0424,0.2858,247.6960,357.3757,179.5340,359.4562
78.155,602.0562,0.2246,247.6886,357.2582,179.5354,359.1391
78.263,602.0573,0.1476,247.6853,357.2582,179.5354,359.1391
78.368,602.0646,0.0812,247.6802,357.2043,179.5363,358.9845
78.472,602.0693,0.0123,247.6761,357.1772,179.5368,358.9027
78.577,602.0807,-0.0582,247.6696,357.0986,179.5385,358.6610
78.681,602.0825,-0.1462,247.6657,357.0986,179.5385,358.6610
78.788,602.0909,-0.2213,247.6603,357.0531,179.5396,358.5020
78.894,602.1028,-0.2984,247.6542,356.9908,179.5414,358.2600
79.000,602.1053,-0.3934,247.6497,356.9908,179.5413,358.2600
79.105,602.1144,-0.4744,247.6445,356.9566,179.5424,358.0921
79.212,602.1205,-0.5568,247.6399,356.9403,179.5430,358.0095
79.317,602.1266,-0.6408,247.6353,356.9279,179.5434,357.9284
79.422,602.1335,-0.7433,247.6299,356.9164,179.5438,357.8472
79.528,602.1400,-0.8299,247.6254,356.9077,179.5442,357.7653
79.631,602.1501,-0.9174,247.6207,356.8958,179.5447,357.5981
79.736,602.1535,-1.0061,247.6164,356.8958,179.5446,357.5981
79.841,602.1682,-1.1130,247.6112,356.8965,179.5446,357.3475
79.945,602.1719,-1.2031,247.6069,356.8965,179.5446,357.3475
80.048,602.1823,-1.2935,247.6033,356.9167,179.5437,357.1848
80.158,602.1863,-1.3841,247.5990,356.9167,179.5437,357.1848
80.264,602.1978,-1.4930,247.5953,356.9550,179.5417,357.0252
80.368,602.2020,-1.5836,247.5911,356.9550,179.5417,357.0252
80.475,602.2063,-1.6741,247.5868,356.9550,179.5417,357.0252
80.579,602.2171,-1.7639,247.5851,357.0159,179.5385,356.8717
80.684,602.2224,-1.8713,247.5801,357.0159,179.5385,356.8717
80.792,602.2356,-1.9596,247.5812,357.1394,179.5315,356.6625
80.896,602.2402,-2.0473,247.5773,357.1394,179.5315,356.6625
81.000,602.2457,-2.1512,247.5727,357.1394,179.5315,356.6625
81.103,602.2574,-2.2364,247.5764,357.3188,179.5207,356.4908
81.212,602.2607,-2.2987,247.5739,357.3188,179.5207,356.4908
81.317,602.2476,-2.3284,247.5812,357.5232,179.5087,356.8387
81.433,602.1848,-2.3592,247.5945,357.8734,179.4933,358.3774
81.541,602.0927,-2.3671,247.6044,358.1247,179.4908,0.6151
81.644,602.0281,-2.3293,247.6127,358.2994,179.4952,2.2116
81.748,601.9919,-2.2895,247.6200,358.4535,179.5025,3.1392
81.854,601.9780,-2.2483,247.6257,358.5683,179.5092,3.5327
81.958,601.9802,-2.2065,247.6266,358.5683,179.5092,3.5327
82.060,601.9824,-2.1636,247.6275,358.5683,179.5092,3.5327
82.170,601.9853,-2.1109,247.6287,358.5683,179.5092,3.5327
82.277,601.9865,-2.0659,247.6329,358.6459,179.5141,3.5622
82.382,601.9875,-2.0105,247.6406,358.8046,179.5240,3.6117
82.488,601.9886,-1.9630,247.6517,359.0533,179.5398,3.6537
82.592,601.9910,-1.9141,247.6557,359.1310,179.5448,3.6625
82.695,601.9939,-1.8637,247.6632,359.2973,179.5554,3.6608
82.802,601.9976,-1.8013,247.6673,359.3802,179.5607,3.6584
82.906,602.0023,-1.7477,247.6814,359.7118,179.5818,3.6189
83.009,602.0053,-1.6926,247.6817,359.7118,179.5818,3.6189
83.117,602.0098,-1.6362,247.6887,359.8758,179.5921,3.5842
83.225,602.0181,-1.5667,247.7059,0.2912,179.6178,3.4726
83.332,602.0214,-1.5075,247.7056,0.2912,179.6178,3.4726
83.438,602.0281,-1.4471,247.7154,0.5345,179.6323,3.3883
83.543,602.0332,-1.3731,247.7180,0.6134,179.6370,3.3600
83.646,602.0402,-1.3103,247.7270,0.8482,179.6506,3.2665
83.753,602.0476,-1.2464,247.7357,1.0798,179.6636,3.1657
83.858,602.0521,-1.1816,247.7376,1.1545,179.6677,3.1325
83.964,602.0605,-1.1027,247.7456,1.3814,179.6799,3.0218
84.069,602.0665,-1.0359,247.7502,1.5305,179.6877,2.9469
84.175,602.0727,-0.9685,247.7546,1.6750,179.6950,2.8690
84.283,602.0797,-0.8867,247.7584,1.8202,179.7022,2.7867
84.389,602.0862,-0.8178,247.7625,1.9674,179.7093,2.7006
84.494,602.0926,-0.7485,247.7662,2.1095,179.7159,2.6127
84.598,602.1011,-0.6789,247.7728,2.3250,179.7254,2.4711
84.703,602.1063,-0.5950,247.7726,2.3940,179.7284,2.4250
84.806,602.1152,-0.5248,247.7786,2.6028,179.7370,2.2716
84.909,602.1196,-0.4545,247.7785,2.6697,179.7396,2.2215
85.024,602.1287,-0.3703,247.7828,2.8593,179.7467,2.0678
85.128,602.1309,-0.3006,247.7797,2.8593,179.7467,2.0678
85.235,602.1424,-0.2308,247.7869,3.1100,179.7553,1.8377
85.351,602.1450,-0.1482,247.7829,3.1100,179.7553,1.8377
85.459,602.1542,-0.0796,247.7867,3.2830,179.7606,1.6551
85.564,602.1617,0.0014,247.7871,3.3912,179.7636,1.5258
85.666,602.1659,0.0681,247.7857,3.4440,179.7650,1.4613
85.773,602.1702,0.1336,247.7842,3.4929,179.7662,1.3939
85.877,602.1799,0.1983,247.7866,3.6337,179.7694,1.1859
85.981,602.1844,0.2738,247.7840,3.6752,179.7702,1.1129
86.086,602.1913,0.3355,247.7839,3.7565,179.7717,0.9658
86.191,602.1984,0.3955,247.7833,3.8254,179.7728,0.8150
86.300,602.2023,0.4655,247.7805,3.8585,179.7732,0.7402
86.407,602.2126,0.5218,247.7806,3.9393,179.7741,0.5032
86.514,602.2161,0.5764,247.7783,3.9637,179.7743,0.4270
86.622,602.2164,0.6392,247.7744,3.9637,179.7743,0.4271
86.729,602.2305,0.6895,247.7743,4.0295,179.7746,0.0905
86.835,602.2305,0.7376,247.7712,4.0295,179.7746,0.0905
86.939,602.2374,0.7837,247.7692,4.0466,179.7746,359.9217
87.044,602.2442,0.8361,247.7664,4.0575,179.7746,359.7574
87.145,602.2474,0.8775,247.7640,4.0605,179.7745,359.6751
87.252,602.2578,0.9169,247.7617,4.0604,179.7745,359.4184
87.361,602.2574,0.9613,247.7589,4.0604,179.7745,359.4184
87.466,602.2640,0.9963,247.7565,4.0547,179.7746,359.2510
87.569,602.2704,1.0293,247.7542,4.0470,179.7747,359.0854
87.676,602.2733,1.0606,247.7522,4.0431,179.7748,359.0044
87.780,602.2794,1.0959,247.7497,4.0354,179.7749,358.8398
87.884,602.2822,1.1232,247.7478,4.0305,179.7750,358.7553
87.989,602.2886,1.1491,247.7459,4.0200,179.7753,358.5872
88.093,602.2880,1.1728,247.7444,4.0200,179.7753,358.5872
88.197,602.2978,1.1949,247.7419,3.9885,179.7761,358.3358
88.314,602.2971,1.2184,247.7404,3.9886,179.7761,358.3358
88.421,602.3069,1.2390,247.7368,3.9269,179.7780,358.0866
88.527,602.3065,1.2537,247.7359,3.9269,179.7780,358.0866
88.632,602.3095,1.2660,247.7339,3.8955,179.7791,358.0074
88.739,602.3157,1.2763,247.7307,3.8303,179.7815,357.8511
88.845,602.3183,1.2851,247.7286,3.7895,179.7830,357.7799
88.958,602.3239,1.2898,247.7247,3.7000,179.7866,357.6404
89.066,602.3292,1.2920,247.7203,3.5929,179.7912,357.5117
89.173,602.3318,1.2910,247.7181,3.5388,179.7936,357.4494
89.278,602.3366,1.2873,247.7132,3.4115,179.7994,357.3376
89.388,602.3392,1.2795,247.7110,3.3473,179.8024,357.2837
89.494,602.3473,1.2699,247.6999,3.0634,179.8163,357.1005
89.601,602.3480,1.2550,247.7006,3.0634,179.8163,357.1005
89.707,602.3544,1.2395,247.6890,2.7641,179.8319,356.9635
89.811,602.3553,1.2215,247.6898,2.7641,179.8319,356.9635
89.917,602.3605,1.2007,247.6771,2.4348,179.8497,356.8654
90.022,602.3628,1.1724,247.6749,2.3562,179.8540,356.8444
90.124,602.3659,1.1460,247.6657,2.1081,179.8678,356.8021
90.226,602.3683,1.1171,247.6599,1.9467,179.8768,356.7820
90.327,602.3702,1.0859,247.6541,1.7834,179.8860,356.7699
90.435,602.3723,1.0523,247.6446,1.5306,179.9003,356.7637
90.540,602.3742,1.0090,247.6383,1.3534,179.9103,356.7708
90.650,602.3754,0.9706,247.6283,1.0940,179.9249,356.7861
90.758,602.3766,0.9302,247.6221,0.9248,179.9344,356.8072
90.862,602.3776,0.8792,247.6125,0.6774,179.9481,356.8441
90.964,602.3776,0.8348,247.6027,0.4302,179.9617,356.8960
91.071,602.3790,0.7887,247.5997,0.3508,179.9659,356.9146
91.181,602.3778,0.7315,247.5866,0.0291,179.9830,357.0041
91.291,602.3779,0.6823,247.5799,359.8670,179.9914,357.0600
91.400,602.3756,0.6218,247.5667,359.5558,180.0071,357.1745
91.504,602.3764,0.5702,247.5632,359.4802,180.0108,357.2083
91.609,602.3741,0.5177,247.5533,359.2509,180.0218,357.3140
91.720,602.3704,0.4538,247.5405,358.9612,180.0350,357.4661
91.824,602.3726,0.3999,247.5396,358.9612,180.0350,357.4661
91.929,602.3655,0.3456,247.5238,358.5999,180.0503,357.6870
92.035,602.3675,0.2909,247.5226,358.5998,180.0503,357.6870
92.138,602.3613,0.2362,247.5099,358.3214,180.0611,357.8851
92.241,602.3613,0.1702,247.5054,358.2545,180.0635,357.9377
92.351,602.3562,0.1155,247.4957,358.0549,180.0704,358.0981
92.456,602.3531,0.0609,247.4888,357.9285,180.0745,358.2096
92.560,602.3503,-0.0043,247.4816,357.8051,180.0782,358.3207
92.667,602.3467,-0.0583,247.4747,357.6818,180.0817,358.4436
92.771,602.3404,-0.1116,247.4655,357.5053,180.0863,358.6238
92.871,602.3416,-0.1648,247.4634,357.5053,180.0863,358.6238
92.980,602.3326,-0.2277,247.4521,357.2880,180.0910,358.8741
93.083,602.3335,-0.2796,247.4499,357.2880,180.0910,358.8741
93.189,602.3290,-0.3309,247.4435,357.1848,180.0929,359.0038
93.298,602.3271,-0.3818,247.4392,357.1355,180.0938,359.0668
93.403,602.3223,-0.4422,247.4325,357.0372,180.0952,359.2004
93.508,602.3229,-0.4921,247.4302,357.0372,180.0952,359.2004
93.615,602.3207,-0.5418,247.4260,356.9898,180.0959,359.2677
93.719,602.3214,-0.5911,247.4236,356.9898,180.0959,359.2678
93.823,602.3221,-0.6502,247.4208,356.9898,180.0959,359.2678
93.929,602.3199,-0.6993,247.4165,356.9424,180.0964,359.3357
94.033,602.3205,-0.7487,247.4142,356.9424,180.0965,359.3357
94.137,602.3211,-0.7982,247.4118,356.9424,180.0965,359.3357
94.241,602.3218,-0.8581,247.4089,356.9424,180.0965,359.3357
94.346,602.3224,-0.9083,247.4065,356.9424,180.0965,359.3357
94.452,602.3231,-0.9590,247.4041,356.9424,180.0965,359.3357
94.557,602.3237,-1.0100,247.4016,356.9424,180.0965,359.3357
94.661,602.3244,-1.0718,247.3987,356.9424,180.0965,359.3357
94.766,602.3250,-1.1238,247.3961,356.9424,180.0965,359.3357
94.872,602.3256,-1.1761,247.3936,356.9424,180.0965,359.3357
94.975,602.3262,-1.2289,247.3911,356.9424,180.0965,359.3357
95.078,602.3268,-1.2820,247.3886,356.9424,180.0965,359.3357
95.182,602.3276,-1.3462,247.3855,356.9425,180.0965,359.3357
95.285,602.3282,-1.4000,247.3829,356.9425,180.0965,359.3357
95.385,602.3288,-1.4539,247.3803,356.9425,180.0965,359.3357
95.489,602.3294,-1.5079,247.3777,356.9425,180.0965,359.3357
95.596,602.3327,-1.5619,247.3771,356.9918,180.0959,359.2715
95.700,602.3415,-1.6268,247.3803,357.1461,180.0936,359.0779
95.807,602.3450,-1.6806,247.3800,357.1991,180.0928,359.0159
95.911,602.3563,-1.7342,247.3870,357.4287,180.0883,358.7637
96.014,602.3599,-1.7873,247.3871,357.4835,180.0871,358.7054
96.119,602.3659,-1.8399,247.3901,357.6064,180.0842,358.5880
96.222,602.3743,-1.9023,247.3953,357.7894,180.0794,358.4203
96.327,602.3799,-1.9535,247.3987,357.9152,180.0758,358.3141
96.437,602.3856,-2.0038,247.4022,358.0402,180.0720,358.2129
96.541,602.3958,-2.0630,247.4116,358.3127,180.0630,358.0117
96.651,602.3992,-2.1111,247.4131,358.3804,180.0606,357.9659
96.766,602.4084,-2.1671,247.4231,358.6586,180.0503,357.7870
96.876,602.4100,-2.2124,247.4222,358.6586,180.0503,357.7870
96.980,602.4188,-2.2646,247.4334,358.9554,180.0384,357.6195
97.083,602.4235,-2.3066,247.4390,359.1092,180.0319,357.5424
97.189,602.4296,-2.3466,247.4479,359.3360,180.0220,357.4329
97.292,602.4325,-2.3851,247.4507,359.4138,180.0184,357.4002
97.399,602.4380,-2.4213,247.4602,359.6505,180.0075,357.3040
97.508,602.4423,-2.4625,247.4669,359.8185,179.9995,357.2458
97.618,602.4473,-2.4942,247.4771,0.0655,179.9874,357.1640
97.727,602.4506,-2.5296,247.4840,0.2329,179.9791,357.1189
97.830,602.4544,-2.5563,247.4943,0.4788,179.9666,357.0564
97.941,602.4572,-2.5855,247.5012,0.6402,179.9582,357.0249
98.049,602.4587,-2.6071,247.5048,0.7224,179.9539,357.0099
98.157,602.4611,-2.6260,247.5156,0.9772,179.9405,356.9733
98.267,602.4630,-2.6452,247.5264,1.2314,179.9270,356.9488
98.379,602.4640,-2.6586,247.5336,1.3992,179.9181,356.9402
98.490,602.4649,-2.6708,247.5406,1.5636,179.9093,356.9340
98.592,602.4650,-2.6782,247.5479,1.7351,179.9001,356.9391
98.701,602.4650,-2.6832,247.5550,1.9038,179.8911,356.9464
98.802,602.4639,-2.6844,247.5653,2.1540,179.8778,356.9738
98.908,602.4639,-2.6830,247.5653,2.1540,179.8778,356.9738
99.014,602.4624,-2.6787,247.5719,2.3186,179.8691,357.0019
99.117,602.4598,-2.6716,247.5815,2.5578,179.8567,357.0547
99.222,602.4593,-2.6600,247.5810,2.5578,179.8567,357.0547
99.324,602.4553,-2.6470,247.5905,2.8019,179.8443,357.1341
99.432,602.4534,-2.6318,247.5930,2.8789,179.8405,357.1662
99.540,602.4495,-2.6099,247.5982,3.0315,179.8330,357.2324
99.649,602.4468,-2.5893,247.6002,3.1040,179.8295,357.2740
99.750,602.4423,-2.5660,247.6049,3.2472,179.8228,357.3594
99.871,602.4390,-2.5356,247.6059,3.3119,179.8198,357.4104
99.973,602.4355,-2.5077,247.6071,3.3762,179.8169,357.4625
100.084,602.4265,-2.4717,247.6121,3.5475,179.8096,357.6454
100.191,602.4227,-2.4397,247.6124,3.5995,179.8075,357.7047
100.297,602.4215,-2.4062,247.6105,3.5995,179.8075,357.7047
100.397,602.4171,-2.3710,247.6100,3.6373,179.8060,357.7813
100.506,602.4092,-2.3265,247.6102,3.7094,179.8033,357.9359
100.614,602.4013,-2.2877,247.6099,3.7580,179.8016,358.0970
100.719,602.3968,-2.2475,247.6083,3.7803,179.8009,358.1769
100.842,602.3885,-2.1889,247.6058,3.8059,179.8001,358.3334
100.951,602.3840,-2.1455,247.6034,3.8133,179.7999,358.4142
101.062,602.3724,-2.0920,247.6001,3.8156,179.7998,358.6673
101.173,602.3646,-2.0462,247.5965,3.7972,179.8002,358.8347
101.282,602.3601,-1.9902,247.5927,3.7866,179.8004,358.9173
101.385,602.3528,-1.9427,247.5883,3.7495,179.8011,359.0793
101.494,602.3419,-1.8948,247.5820,3.6690,179.8022,359.3281
101.595,602.3380,-1.8464,247.5778,3.6369,179.8025,359.4059
101.701,602.3313,-1.7882,247.5716,3.5698,179.8031,359.5604
101.805,602.3218,-1.7396,247.5637,3.4466,179.8038,359.7831
101.911,602.3158,-1.6911,247.5572,3.3535,179.8041,359.9243
102.012,602.3102,-1.6429,247.5507,3.2589,179.8041,0.0609
102.113,602.3047,-1.5950,247.5436,3.1480,179.8038,0.1931
102.222,602.2997,-1.5384,247.5362,3.0355,179.8033,0.3222
102.328,602.2904,-1.4920,247.5241,2.7969,179.8015,0.5575
102.438,602.2862,-1.4464,247.5169,2.6714,179.8002,0.6674
102.543,602.2803,-1.3931,247.5063,2.4688,179.7975,0.8296
102.649,602.2767,-1.3498,247.4991,2.3370,179.7955,0.9312
102.754,602.2714,-1.3078,247.4889,2.1265,179.7918,1.0755
102.866,602.2684,-1.2590,247.4816,1.9883,179.7891,1.1672
102.976,602.2620,-1.2200,247.4682,1.6935,179.7826,1.3436
103.087,602.2581,-1.1750,247.4579,1.4723,179.7772,1.4669
103.191,602.2558,-1.1393,247.4508,1.3215,179.7732,1.5465
103.296,602.2535,-1.1050,247.4439,1.1713,179.7691,1.6244
103.400,602.2484,-1.0724,247.4309,0.8698,179.7601,1.7723
103.509,602.2466,-1.0356,247.4243,0.7204,179.7554,1.8430
103.617,602.2419,-1.0065,247.4115,0.4177,179.7453,1.9820
103.722,602.2403,-0.9740,247.4049,0.2622,179.7398,2.0507
103.827,602.2371,-0.9486,247.3953,0.0311,179.7313,2.1522
103.934,602.2352,-0.9249,247.3888,359.8741,179.7253,2.2199
104.037,602.2321,-0.9025,247.3794,359.6420,179.7161,2.3198
104.142,602.2288,-0.8779,247.3699,359.4088,179.7065,2.4200
104.249,602.2281,-0.8590,247.3670,359.3323,179.7032,2.4528
104.352,602.2247,-0.8412,247.3578,359.1031,179.6932,2.5523
104.457,602.2227,-0.8249,247.3518,358.9525,179.6864,2.6185
104.574,602.2180,-0.8067,247.3397,358.6502,179.6722,2.7538
104.683,602.2174,-0.7907,247.3370,358.5750,179.6686,2.7888
104.788,602.2151,-0.7779,247.3311,358.4229,179.6611,2.8599
104.897,602.2113,-0.7663,247.3220,358.1946,179.6494,2.9709
105.010,602.2106,-0.7533,247.3194,358.1213,179.6456,3.0069
105.114,602.2081,-0.7433,247.3136,357.9735,179.6377,3.0836
105.216,602.2054,-0.7338,247.3080,357.8286,179.6298,3.1612
105.332,602.2042,-0.7233,247.3054,357.7573,179.6259,3.2011
105.439,602.2014,-0.7148,247.2999,357.6147,179.6178,3.2826
105.546,602.2018,-0.7056,247.3002,357.6147,179.6178,3.2826
105.654,602.1987,-0.6976,247.2947,357.4710,179.6094,3.3704
105.758,602.1956,-0.6901,247.2894,357.3332,179.6012,3.4587
105.862,602.1960,-0.6813,247.2897,357.3332,179.6012,3.4587
105.967,602.1963,-0.6743,247.2900,357.3332,179.6012,3.4587
106.072,602.1931,-0.6667,247.2848,357.1978,179.5929,3.5514
106.176,602.1934,-0.6598,247.2851,357.1978,179.5929,3.5514
106.281,602.1937,-0.6515,247.2855,357.1978,179.5929,3.5514
106.386,602.1923,-0.6447,247.2832,357.1339,179.5889,3.5964
106.493,602.1926,-0.6377,247.2835,357.1339,179.5889,3.5965
106.600,602.1930,-0.6296,247.2839,357.1339,179.5889,3.5965
106.702,602.1933,-0.6230,247.2842,357.1339,179.5889,3.5965
106.808,602.1936,-0.6164,247.2845,357.1339,179.5889,3.5965
106.915,602.1939,-0.6098,247.2848,357.1339,179.5889,3.5965
107.018,602.1942,-0.6032,247.2851,357.1339,179.5889,3.5965
107.123,602.1946,-0.5951,247.2855,357.1339,179.5889,3.5965
107.231,602.1949,-0.5883,247.2858,357.1339,179.5889,3.5965
107.345,602.1953,-0.5798,247.2861,357.1339,179.5889,3.5966
107.449,602.1956,-0.5725,247.2865,357.1339,179.5889,3.5966
107.560,602.1957,-0.5634,247.2869,357.1339,179.5889,3.5966
107.668,602.1960,-0.5554,247.2872,357.1339,179.5889,3.5966
107.772,602.1965,-0.5472,247.2876,357.1339,179.5889,3.5966
107.876,602.1971,-0.5386,247.2880,357.1339,179.5889,3.5966
107.982,602.1979,-0.5278,247.2885,357.1339,179.5889,3.5966
108.091,602.1985,-0.5183,247.2889,357.1339,179.5889,3.5966
108.197,602.1991,-0.5085,247.2894,357.1339,179.5889,3.5966
108.302,602.1998,-0.4962,247.2899,357.1339,179.5889,3.5966
108.405,602.2028,-0.4855,247.2930,357.1973,179.5928,3.5392
108.515,602.2101,-0.4752,247.3012,357.3880,179.6044,3.3685
108.621,602.2153,-0.4617,247.3069,357.5142,179.6117,3.2588
108.726,602.2180,-0.4504,247.3099,357.5771,179.6152,3.2044
108.829,602.2274,-0.4389,247.3207,357.8297,179.6289,2.9861
108.936,602.2280,-0.4269,247.3211,357.8297,179.6289,2.9862
109.041,602.2379,-0.4126,247.3321,358.0865,179.6418,2.7589
109.147,602.2385,-0.4004,247.3325,358.0865,179.6418,2.7589
109.256,602.2486,-0.3885,247.3432,358.3388,179.6534,2.5254
109.358,602.2492,-0.3764,247.3435,358.3388,179.6534,2.5254
109.460,602.2592,-0.3625,247.3536,358.5782,179.6635,2.2906
109.571,602.2642,-0.3511,247.3584,358.6900,179.6679,2.1746
109.678,602.2693,-0.3400,247.3632,358.7996,179.6719,2.0563
109.784,602.2746,-0.3275,247.3679,358.9091,179.6757,1.9343
109.891,602.2853,-0.3178,247.3768,359.1217,179.6824,1.6787
109.997,602.2856,-0.3088,247.3770,359.1217,179.6824,1.6787
110.103,602.2970,-0.2993,247.3855,359.3263,179.6880,1.4073
110.207,602.3027,-0.2924,247.3895,359.4205,179.6902,1.2709
110.316,602.3112,-0.2866,247.3952,359.5570,179.6929,1.0628
110.419,602.3140,-0.2820,247.3969,359.5996,179.6937,0.9947
110.523,602.3226,-0.2783,247.4021,359.7242,179.6956,0.7818
110.632,602.3317,-0.2768,247.4069,359.8407,179.6970,0.5610
110.738,602.3347,-0.2769,247.4085,359.8780,179.6973,0.4875
110.841,602.3472,-0.2792,247.4143,0.0174,179.6982,0.1838
110.949,602.3536,-0.2831,247.4169,0.0797,179.6983,0.0281
111.055,602.3600,-0.2888,247.4194,0.1396,179.6982,359.8731
111.157,602.3694,-0.2965,247.4227,0.2178,179.6979,359.6423
111.267,602.3760,-0.3087,247.4247,0.2641,179.6976,359.4844
111.372,602.3825,-0.3211,247.4265,0.3064,179.6971,359.3249
111.476,602.3959,-0.3357,247.4296,0.3778,179.6961,359.0056
111.577,602.3962,-0.3528,247.4297,0.3778,179.6961,359.0056
111.681,602.4100,-0.3763,247.4320,0.4265,179.6951,358.6787
111.786,602.4105,-0.3990,247.4321,0.4265,179.6951,358.6787
111.894,602.4254,-0.4238,247.4333,0.4487,179.6945,358.3349
111.998,602.4260,-0.4516,247.4335,0.4487,179.6945,358.3349
112.100,602.4412,-0.4881,247.4336,0.4416,179.6947,357.9966
112.200,602.4422,-0.5221,247.4338,0.4416,179.6947,357.9966
112.304,602.4503,-0.5586,247.4333,0.4230,179.6954,357.8315
112.407,602.4621,-0.5979,247.4317,0.3767,179.6973,357.5807
112.513,602.4670,-0.6406,247.4311,0.3559,179.6982,357.5019
112.621,602.4793,-0.6956,247.4281,0.2749,179.7019,357.2609
112.727,602.4814,-0.7453,247.4284,0.2749,179.7019,357.2610
112.834,602.4965,-0.7974,247.4224,0.1249,179.7095,356.9565
112.940,602.4998,-0.8643,247.4226,0.1249,179.7095,356.9565
113.043,602.5085,-0.9222,247.4192,0.0389,179.7142,356.8134
113.148,602.5175,-0.9823,247.4158,359.9535,179.7190,356.6736
113.252,602.5208,-1.0438,247.4158,359.9535,179.7190,356.6736
113.355,602.5241,-1.1068,247.4158,359.9535,179.7190,356.6736
113.460,602.5342,-1.1830,247.4125,359.8730,179.7238,356.5272
113.566,602.5376,-1.2472,247.4124,359.8730,179.7238,356.5272
113.672,602.5410,-1.3116,247.4123,359.8730,179.7238,356.5272
113.779,602.5443,-1.3756,247.4122,359.8730,179.7238,356.5272
113.882,602.5483,-1.4516,247.4121,359.8730,179.7238,356.5272
113.988,602.5517,-1.5139,247.4121,359.8730,179.7238,356.5272
114.094,602.5551,-1.5749,247.4120,359.8730,179.7238,356.5272
114.198,602.5583,-1.6342,247.4119,359.8730,179.7238,356.5271
114.302,602.5620,-1.7029,247.4118,359.8730,179.7238,356.5271
114.408,602.5651,-1.7576,247.4117,359.8730,179.7238,356.5271
114.512,602.5679,-1.8098,247.4117,359.8730,179.7238,356.5271
114.620,602.5712,-1.8688,247.4116,359.8730,179.7238,356.5271
114.725,602.5736,-1.9145,247.4115,359.8730,179.7238,356.5271
114.829,602.5759,-1.9569,247.4114,359.8730,179.7238,356.5271
114.935,602.5795,-1.9957,247.4180,0.0336,179.7140,356.4926
115.040,602.5824,-2.0372,247.4250,0.2002,179.7038,356.4756
115.142,602.5826,-2.0675,247.4355,0.4491,179.6885,356.5081
115.246,602.5823,-2.0938,247.4422,0.6061,179.6790,356.5517
115.353,602.5812,-2.1158,247.4488,0.7623,179.6697,356.6064
115.456,602.5759,-2.1334,247.4611,1.0564,179.6526,356.7503
115.559,602.5728,-2.1466,247.4672,1.1993,179.6446,356.8389
115.669,602.5674,-2.1564,247.4759,1.4070,179.6334,356.9790
115.773,602.5612,-2.1595,247.4841,1.6065,179.6231,357.1303
115.879,602.5568,-2.1579,247.4894,1.7358,179.6167,357.2350
115.985,602.5471,-2.1499,247.4995,1.9894,179.6050,357.4573
116.091,602.5369,-2.1381,247.5089,2.2323,179.5947,357.6871
116.195,602.5339,-2.1217,247.5107,2.2905,179.5923,357.7451
116.301,602.5230,-2.0961,247.5193,2.5263,179.5835,357.9861
116.407,602.5143,-2.0700,247.5252,2.6990,179.5777,358.1728
116.512,602.5109,-2.0395,247.5262,2.7554,179.5760,358.2345
116.622,602.4966,-1.9975,247.5354,3.0316,179.5682,358.5513
116.727,602.4957,-1.9585,247.5335,3.0316,179.5682,358.5513
116.838,602.4838,-1.9155,247.5400,3.2475,179.5632,358.8162
116.951,602.4772,-1.8595,247.5412,3.3488,179.5612,358.9461
117.066,602.4708,-1.7992,247.5419,3.4472,179.5595,359.0768
117.173,602.4647,-1.7455,247.5429,3.5454,179.5581,359.2106
117.275,602.4584,-1.6894,247.5435,3.6397,179.5569,359.3472
117.383,602.4548,-1.6191,247.5413,3.6859,179.5564,359.4147
117.486,602.4513,-1.5586,247.5396,3.7304,179.5560,359.4860
117.590,602.4479,-1.4962,247.5376,3.7749,179.5556,359.5576
117.700,602.4476,-1.4201,247.5331,3.7749,179.5556,359.5576
117.805,602.4411,-1.3555,247.5325,3.8564,179.5551,359.7064
117.913,602.4408,-1.2907,247.5286,3.8564,179.5551,359.7064
118.020,602.4404,-1.2128,247.5239,3.8564,179.5551,359.7064
118.125,602.4401,-1.1482,247.5200,3.8564,179.5551,359.7064
118.229,602.4398,-1.0842,247.5161,3.8564,179.5551,359.7064
118.336,602.4395,-1.0213,247.5123,3.8564,179.5551,359.7064
118.441,602.4391,-0.9477,247.5079,3.8564,179.5551,359.7064
118.544,602.4388,-0.8884,247.5043,3.8564,179.5551,359.7064
118.645,602.4385,-0.8313,247.5009,3.8564,179.5551,359.7064
118.749,602.4382,-0.7768,247.4976,3.8564,179.5551,359.7064
118.853,602.4379,-0.7251,247.4944,3.8564,179.5551,359.7064
118.963,602.4376,-0.6673,247.4910,3.8564,179.5551,359.7064
119.072,602.4373,-0.6229,247.4883,3.8564,179.5551,359.7064
119.177,602.4370,-0.5821,247.4858,3.8564,179.5551,359.7064
119.285,602.4368,-0.5384,247.4832,3.8564,179.5551,359.7064
119.392,602.4404,-0.5070,247.4679,3.5276,179.5570,359.6168
119.497,602.4431,-0.4794,247.4601,3.3736,179.5581,359.5472
119.604,602.4459,-0.4521,247.4526,3.2230,179.5594,359.4727
119.712,602.4550,-0.4344,247.4373,2.8663,179.5634,359.2451
119.815,602.4569,-0.4211,247.4339,2.7991,179.5643,359.1956
119.929,602.4655,-0.4114,247.4227,2.5300,179.5686,358.9915
